key1,13,4,23
key2,4,5,22
key3,19,12,28
key4,9,23,15
key5,12,11,25
key6,11,2,14
key7,19,29,21
key8,18,29,22
key9,1,0,5
key10,2,20,2
key11,11,16,29
key12,6,22,32
key13,19,20,11
key14,15,22,1
key15,13,16,5
key16,0,10,32
key17,5,19,3
key18,12,23,10
key19,16,10,25
key20,19,24,16
key21,12,24,35
key22,19,19,39
key23,0,12,12
key24,17,9,31
key25,12,17,31
key26,1,23,29
key27,7,28,1
key28,9,29,24
key29,17,10,32
key30,9,30,34
key31,13,29,7
key32,13,10,36
key33,17,19,22
key34,5,12,27
key35,15,30,17
key36,13,4,8
key37,20,2,21
key38,12,8,30
key39,6,29,13
key40,0,13,4
key41,14,23,36
key42,13,15,14
key43,14,26,6
key44,12,26,39
key45,15,18,21
key46,15,9,23
key47,16,4,37
key48,7,17,11
key49,19,13,9
key50,15,29,4
key51,14,12,30
key52,16,5,21
key53,20,7,1
key54,7,3,18
key55,19,7,3
key56,0,11,18
key57,10,27,16
key58,7,19,18
key59,1,2,11
key60,16,20,20
key61,0,22,13
key62,11,13,12
key63,20,2,37
key64,13,2,22
key65,19,8,0
key66,16,24,23
key67,19,8,4
key68,11,1,21
key69,16,10,40
key70,10,22,1
key71,2,17,35
key72,14,9,24
key73,16,9,1
key74,2,21,3
key75,2,6,1
key76,15,7,31
key77,11,6,23
key78,16,27,13
key79,4,29,30
key80,6,9,31
key81,16,21,34
key82,8,9,34
key83,6,21,16
key84,5,7,30
key85,16,24,21
key86,14,28,36
key87,17,19,37
key88,12,19,3
key89,11,2,32
key90,11,30,11
key91,18,14,39
key92,3,29,26
key93,17,23,3
key94,15,13,14
key95,10,26,33
key96,1,19,14
key97,13,19,33
key98,10,14,8
key99,5,26,16
key100,16,24,35
key101,9,15,23
key102,14,23,21
key103,9,30,6
key104,7,15,39
key105,12,12,14
key106,5,10,5
key107,2,19,24
key108,11,3,28
key109,15,9,32
key110,5,15,16
key111,11,8,18
key112,4,20,27
key113,4,15,36
key114,9,16,39
key115,9,12,27
key116,16,19,23
key117,12,25,18
key118,1,3,23
key119,3,21,26
key120,15,10,9
key121,4,8,25
key122,0,17,6
key123,4,1,8
key124,12,4,13
key125,10,12,7
key126,4,1,22
key127,7,29,26
key128,6,15,14
key129,2,6,29
key130,12,11,28
key131,12,3,40
key132,20,14,35
key133,15,11,37
key134,5,15,4
key135,14,6,13
key136,2,15,22
key137,18,2,7
key138,8,24,27
key139,12,8,37
key140,11,13,2
key141,12,3,11
key142,20,9,36
key143,19,29,39
key144,12,27,37
key145,0,27,19
key146,5,5,34
key147,10,17,33
key148,17,30,30
key149,2,11,33
key150,13,0,12
key151,4,17,5
key152,14,26,17
key153,5,20,35
key154,15,24,24
key155,9,26,13
key156,20,27,36
key157,7,26,24
key158,19,22,30
key159,12,4,34
key160,4,19,0
key161,19,17,19
key162,10,9,16
key163,9,25,29
key164,11,26,22
key165,1,21,15
key166,18,6,32
key167,1,16,38
key168,16,23,3
key169,10,6,35
key170,17,13,23
key171,2,6,28
key172,9,20,10
key173,1,20,40
key174,15,8,10
key175,20,2,18
key176,11,13,13
key177,16,28,20
key178,1,18,29
key179,2,25,29
key180,5,13,2
key181,16,8,23
key182,16,14,5
key183,10,2,3
key184,19,18,23
key185,9,27,30
key186,10,13,39
key187,5,17,12
key188,4,24,31
key189,8,11,9
key190,12,10,34
key191,2,18,20
key192,4,21,27
key193,18,24,7
key194,13,2,31
key195,3,20,1
key196,10,2,19
key197,18,11,5
key198,15,7,7
key199,6,20,22
key200,15,26,11
key201,13,6,4
key202,20,9,5
key203,9,29,23
key204,18,9,4
key205,2,14,39
key206,12,20,13
key207,8,26,18
key208,0,25,1
key209,19,11,19
key210,17,3,38
key211,3,29,30
key212,0,19,39
key213,8,6,21
key214,7,1,33
key215,14,9,32
key216,13,15,8
key217,15,8,38
key218,1,16,33
key219,7,6,30
key220,14,13,17
key221,0,0,12
key222,2,1,37
key223,2,8,20
key224,17,13,32
key225,12,18,18
key226,15,4,21
key227,7,7,12
key228,2,15,38
key229,18,17,9
key230,10,4,36
key231,19,11,5
key232,15,6,14
key233,16,17,36
key234,7,13,2
key235,3,30,37
key236,11,13,4
key237,19,16,7
key238,3,11,23
key239,19,19,5
key240,2,29,19
key241,15,3,19
key242,7,5,19
key243,9,14,20
key244,1,22,20
key245,6,8,9
key246,18,13,38
key247,6,18,27
key248,19,29,3
key249,11,1,4
key250,13,10,1
key251,10,2,11
key252,8,11,1
key253,15,29,16
key254,2,26,5
key255,20,21,7
key256,9,21,23
key257,3,16,28
key258,11,4,34
key259,2,16,33
key260,13,14,31
key261,2,28,8
key262,19,28,35
key263,13,7,35
key264,18,15,37
key265,8,6,32
key266,11,30,16
key267,14,14,26
key268,14,11,33
key269,8,29,4
key270,12,6,16
key271,10,8,25
key272,19,2,12
key273,3,22,31
key274,19,21,8
key275,8,15,38
key276,15,28,9
key277,18,2,12
key278,6,19,25
key279,17,23,29
key280,7,13,28
key281,4,5,16
key282,4,19,28
key283,14,17,3
key284,13,18,38
key285,2,24,24
key286,16,21,37
key287,16,6,33
key288,3,26,34
key289,19,8,24
key290,0,7,37
key291,5,0,6
key292,20,17,22
key293,15,17,35
key294,13,17,12
key295,4,15,36
key296,17,1,13
key297,3,10,8
key298,12,1,18
key299,0,7,20
key300,3,20,25
key301,9,8,4
key302,12,16,12
key303,3,23,39
key304,3,15,30
key305,7,1,22
key306,3,11,29
key307,15,3,22
key308,6,20,5
key309,8,8,35
key310,16,8,27
key311,7,17,31
key312,9,30,25
key313,19,0,31
key314,9,24,7
key315,10,7,26
key316,2,17,39
key317,12,26,8
key318,19,16,25
key319,8,15,12
key320,3,13,28
key321,13,25,23
key322,17,0,3
key323,7,27,28
key324,16,7,4
key325,20,25,38
key326,10,1,21
key327,18,23,7
key328,3,7,10
key329,16,26,7
key330,8,12,32
key331,16,26,11
key332,4,23,17
key333,1,17,3
key334,4,10,19
key335,5,21,10
key336,15,1,17
key337,8,18,29
key338,13,16,4
key339,10,2,6
key340,14,17,31
key341,14,1,12
key342,1,1,4
key343,0,15,33
key344,7,21,16
key345,3,9,30
key346,12,22,22
key347,11,4,6
key348,7,6,31
key349,12,12,5
key350,5,20,0
key351,15,13,28
key352,5,28,20
key353,17,24,1
key354,14,5,11
key355,9,5,24
key356,9,19,12
key357,3,19,7
key358,16,29,15
key359,9,20,2
key360,2,26,20
key361,15,21,18
key362,4,10,13
key363,8,12,28
key364,10,5,6
key365,14,7,0
key366,1,10,23
key367,11,9,30
key368,17,5,9
key369,11,22,34
key370,8,10,17
key371,2,10,19
key372,8,22,5
key373,1,29,1
key374,4,10,4
key375,9,17,37
key376,14,22,29
key377,15,21,34
key378,1,9,11
key379,8,10,12
key380,2,12,10
key381,4,13,6
key382,4,10,0
key383,0,10,31
key384,0,19,7
key385,11,19,31
key386,10,10,28
key387,19,20,22
key388,19,28,18
key389,15,15,21
key390,4,23,24
key391,13,19,2
key392,11,9,28
key393,16,27,4
key394,12,17,2
key395,18,21,5
key396,14,29,37
key397,13,15,3
key398,11,16,23
key399,12,18,22
key400,2,26,37
key401,5,7,32
key402,10,17,5
key403,16,30,34
key404,5,23,39
key405,2,15,4
key406,18,14,19
key407,13,18,11
key408,9,26,19
key409,13,3,26
key410,4,29,38
key411,12,17,1
key412,14,7,32
key413,10,6,30
key414,13,12,6
key415,11,23,25
key416,9,12,8
key417,7,19,11
key418,12,7,18
key419,12,11,13
key420,8,28,19
key421,18,16,9
key422,12,9,20
key423,4,4,35
key424,3,3,30
key425,10,7,7
key426,1,15,30
key427,9,8,35
key428,0,8,14
key429,7,9,14
key430,3,2,28
key431,2,16,31
key432,2,14,32
key433,13,24,31
key434,11,4,32
key435,11,9,19
key436,1,12,8
key437,18,1,33
key438,18,19,17
key439,18,19,1
key440,7,3,18
key441,3,1,28
key442,13,29,22
key443,12,30,36
key444,12,19,5
key445,15,22,2
key446,6,12,30
key447,2,1,26
key448,0,24,25
key449,3,20,27
key450,12,12,33
key451,3,29,30
key452,7,7,30
key453,8,27,8
key454,18,23,29
key455,15,6,3
key456,5,29,5
key457,10,24,39
key458,5,18,28
key459,1,0,2
key460,19,5,36
key461,4,3,39
key462,7,19,29
key463,10,29,40
key464,3,19,25
key465,13,9,29
key466,11,5,30
key467,3,27,26
key468,4,19,28
key469,4,22,17
key470,9,27,24
key471,5,26,26
key472,16,30,35
key473,14,18,27
key474,13,15,12
key475,6,7,19
key476,4,4,24
key477,6,18,23
key478,1,13,5
key479,19,20,28
key480,18,3,21
key481,19,26,39
key482,15,17,11
key483,10,29,9
key484,12,16,39
key485,4,29,38
key486,7,24,17
key487,9,14,39
key488,5,16,33
key489,5,15,31
key490,2,9,20
key491,9,22,38
key492,0,23,2
key493,17,22,18
key494,17,23,23
key495,3,25,29
key496,5,23,16
key497,19,21,6
key498,16,0,25
key499,8,28,26
key500,5,22,0
key501,16,24,6
key502,0,23,38
key503,7,23,8
key504,8,20,31
key505,9,27,9
key506,18,24,18
key507,7,30,28
key508,7,10,39
key509,20,12,36
key510,13,15,17
key511,10,7,28
key512,17,14,29
key513,15,3,17
key514,20,8,7
key515,5,27,9
key516,19,29,35
key517,13,17,39
key518,20,11,27
key519,20,21,23
key520,8,1,13
key521,13,18,2
key522,5,13,35
key523,4,15,3
key524,18,0,31
key525,6,15,30
key526,6,26,17
key527,6,27,19
key528,11,14,35
key529,12,9,20
key530,4,2,14
key531,18,13,4
key532,9,18,13
key533,17,26,7
key534,18,19,7
key535,6,10,20
key536,19,8,17
key537,6,1,39
key538,14,24,8
key539,1,29,10
key540,20,7,7
key541,19,10,12
key542,10,16,23
key543,18,7,21
key544,2,22,13
key545,14,21,33
key546,14,30,3
key547,19,24,13
key548,4,2,13
key549,15,4,27
key550,4,23,5
key551,8,24,38
key552,6,11,12
key553,13,29,32
key554,5,21,15
key555,4,20,8
key556,16,17,14
key557,14,26,6
key558,10,22,33
key559,1,19,9
key560,17,7,4
key561,2,5,7
key562,1,24,4
key563,0,2,15
key564,1,8,14
key565,0,18,24
key566,4,24,9
key567,20,27,19
key568,0,28,35
key569,6,2,10
key570,18,4,19
key571,13,21,22
key572,10,15,26
key573,10,1,25
key574,16,16,4
key575,16,21,4
key576,8,15,12
key577,4,13,1
key578,11,22,31
key579,8,21,28
key580,18,2,1
key581,19,14,39
key582,10,8,25
key583,4,29,1
key584,19,8,37
key585,7,22,17
key586,10,4,38
key587,6,27,20
key588,6,27,13
key589,14,17,19
key590,5,21,9
key591,7,9,36
key592,3,0,33
key593,12,15,28
key594,3,24,8
key595,3,14,6
key596,7,2,6
key597,18,28,39
key598,1,16,30
key599,9,1,7
key600,11,5,2
key601,1,1,20
key602,17,2,7
key603,7,20,13
key604,8,22,26
key605,5,3,27
key606,3,4,22
key607,7,3,35
key608,20,3,21
key609,18,12,38
key610,5,2,35
key611,1,21,7
key612,16,1,32
key613,15,14,27
key614,16,29,28
key615,2,25,38
key616,4,5,19
key617,20,19,34
key618,2,22,3
key619,19,29,23
key620,11,8,32
key621,3,30,38
key622,7,30,14
key623,20,26,24
key624,9,27,39
key625,9,18,18
key626,15,8,25
key627,11,30,28
key628,15,20,21
key629,4,18,21
key630,3,8,8
key631,10,16,23
key632,16,1,25
key633,7,17,5
key634,6,28,5
key635,7,5,1
key636,12,2,7
key637,5,19,37
key638,11,8,19
key639,10,4,30
key640,10,5,35
key641,5,30,33
key642,13,12,39
key643,15,2,8
key644,1,7,10
key645,2,24,11
key646,2,11,33
key647,6,24,38
key648,14,11,29
key649,9,24,9
key650,10,2,7
key651,3,23,38
key652,16,17,16
key653,18,19,25
key654,19,12,29
key655,10,7,7
key656,4,30,7
key657,6,15,11
key658,15,22,32
key659,14,9,25
key660,17,7,27
key661,3,16,7
key662,15,1,13
key663,9,0,38
key664,19,24,30
key665,12,28,7
key666,9,23,39
key667,3,30,5
key668,3,6,11
key669,3,23,40
key670,9,16,1
key671,14,19,36
key672,1,9,5
key673,7,2,7
key674,14,10,19
key675,2,22,40
key676,12,14,39
key677,4,15,3
key678,7,15,16
key679,5,12,38
key680,13,11,20
key681,13,19,24
key682,2,19,39
key683,18,27,27
key684,18,24,30
key685,6,12,6
key686,19,24,1
key687,10,1,23
key688,7,11,17
key689,12,26,20
key690,17,26,11
key691,13,20,10
key692,16,10,15
key693,14,4,11
key694,18,14,25
key695,4,18,13
key696,17,27,10
key697,2,11,26
key698,15,15,30
key699,12,12,3
key700,10,16,11
key701,14,17,34
key702,0,1,7
key703,16,30,9
key704,8,9,13
key705,4,4,5
key706,10,20,28
key707,15,12,31
key708,19,4,13
key709,16,22,4
key710,14,6,13
key711,8,21,27
key712,2,22,22
key713,6,8,16
key714,17,18,11
key715,15,26,18
key716,3,26,6
key717,4,4,37
key718,13,15,17
key719,2,10,38
key720,14,6,29
key721,14,11,8
key722,6,22,31
key723,13,8,34
key724,5,26,13
key725,6,7,29
key726,10,4,3
key727,6,28,11
key728,11,15,23
key729,11,21,38
key730,14,11,38
key731,10,28,28
key732,6,27,1
key733,5,21,10
key734,15,6,39
key735,0,13,7
key736,1,11,34
key737,2,0,33
key738,13,0,27
key739,10,11,32
key740,11,21,13
key741,1,20,14
key742,9,27,13
key743,3,12,10
key744,11,18,38
key745,8,11,37
key746,11,13,31
key747,3,15,31
key748,14,14,14
key749,13,13,29
key750,10,6,25
key751,14,1,1
key752,7,20,33
key753,14,4,34
key754,5,12,18
key755,2,28,4
key756,3,24,19
key757,8,8,17
key758,18,17,7
key759,20,17,8
key760,4,20,15
key761,12,15,28
key762,8,8,10
key763,12,28,11
key764,1,10,26
key765,14,2,31
key766,8,10,24
key767,12,20,12
key768,6,14,5
key769,0,23,23
key770,3,24,21
key771,3,25,17
key772,3,5,25
key773,16,13,1
key774,16,26,33
key775,15,9,12
key776,13,21,15
key777,5,28,1
key778,8,12,29
key779,1,9,26
key780,15,29,40
key781,13,17,3
key782,14,23,8
key783,2,13,21
key784,3,17,16
key785,17,1,6
key786,17,17,30
key787,17,19,19
key788,11,22,8
key789,7,9,33
key790,8,9,29
key791,19,8,11
key792,13,8,39
key793,15,19,18
key794,14,13,8
key795,10,12,27
key796,6,7,16
key797,17,25,20
key798,6,3,20
key799,1,9,31
key800,9,11,7
key801,11,24,6
key802,5,6,34
key803,1,29,37
key804,5,19,13
key805,17,13,26
key806,19,0,12
key807,12,2,1
key808,17,7,29
key809,17,14,1
key810,14,8,32
key811,3,6,34
key812,8,28,25
key813,7,15,14
key814,20,3,9
key815,7,9,36
key816,14,25,14
key817,19,1,21
key818,16,6,26
key819,15,5,6
key820,13,25,12
key821,17,29,35
key822,9,10,18
key823,15,19,40
key824,17,22,3
key825,1,21,11
key826,8,5,12
key827,13,20,23
key828,14,12,9
key829,1,26,3
key830,11,18,0
key831,17,25,11
key832,18,19,35
key833,11,30,10
key834,7,11,27
key835,8,17,12
key836,18,1,10
key837,18,0,28
key838,12,10,24
key839,17,23,23
key840,13,13,12
key841,18,23,32
key842,2,24,28
key843,17,14,12
key844,2,2,37
key845,1,4,8
key846,0,17,32
key847,10,28,35
key848,12,14,23
key849,12,10,6
key850,18,22,29
key851,3,19,4
key852,2,15,21
key853,2,26,28
key854,3,20,38
key855,4,11,13
key856,13,18,7
key857,12,8,1
key858,2,1,18
key859,10,3,31
key860,16,13,17
key861,17,5,1
key862,4,17,33
key863,16,5,22
key864,1,6,31
key865,12,11,10
key866,11,13,14
key867,20,24,34
key868,10,24,5
key869,13,4,17
key870,8,2,11
key871,5,23,3
key872,19,4,25
key873,10,27,26
key874,3,26,12
key875,13,12,4
key876,6,27,16
key877,13,15,19
key878,7,15,26
key879,5,10,12
key880,9,19,7
key881,5,4,17
key882,6,26,28
key883,5,15,6
key884,6,2,5
key885,11,3,38
key886,19,27,37
key887,20,15,35
key888,4,20,38
key889,15,10,37
key890,10,26,40
key891,14,7,12
key892,8,30,15
key893,18,24,2
key894,3,20,5
key895,20,4,24
key896,13,1,3
key897,15,15,39
key898,12,16,20
key899,6,2,11
key900,16,4,24
key901,20,8,38
key902,6,16,6
key903,6,30,23
key904,18,25,17
key905,6,29,8
key906,20,1,12
key907,3,19,35
key908,12,7,7
key909,18,10,26
key910,9,25,10
key911,13,26,35
key912,17,17,34
key913,16,25,39
key914,11,21,20
key915,3,28,8
key916,11,21,2
key917,2,7,22
key918,15,11,39
key919,8,22,30
key920,2,7,13
key921,8,16,11
key922,17,28,10
key923,8,27,15
key924,14,15,29
key925,4,11,2
key926,19,23,24
key927,18,3,33
key928,19,20,11
key929,16,3,25
key930,6,26,35
key931,16,29,38
key932,19,29,23
key933,5,7,18
key934,19,22,37
key935,2,27,7
key936,6,25,33
key937,9,11,21
key938,2,27,27
key939,15,27,10
key940,11,24,1
key941,2,19,12
key942,4,11,21
key943,8,5,21
key944,20,10,5
key945,3,0,37
key946,16,15,24
key947,4,10,22
key948,8,7,8
key949,18,19,19
key950,3,21,10
key951,1,16,19
key952,4,19,37
key953,10,18,20
key954,1,20,40
key955,14,29,19
key956,4,1,2
key957,5,29,34
key958,3,20,12
key959,7,27,14
key960,9,1,33
key961,18,29,6
key962,15,1,19
key963,2,20,7
key964,10,17,30
key965,17,15,21
key966,17,8,0
key967,1,3,33
key968,16,14,4
key969,2,26,0
key970,4,1,10
key971,0,10,12
key972,3,9,29
key973,6,25,20
key974,7,8,22
key975,0,14,10
key976,20,6,19
key977,20,19,33
key978,5,9,17
key979,10,27,22
key980,3,25,5
key981,11,6,27
key982,13,5,3
key983,3,0,11
key984,5,16,9
key985,15,26,33
key986,15,1,34
key987,15,20,11
key988,11,19,28
key989,4,3,12
key990,9,21,4
key991,4,15,17
key992,5,19,21
key993,7,22,25
key994,13,29,17
key995,1,9,21
key996,8,8,6
key997,13,15,20
key998,18,4,35
key999,16,7,14
key1000,12,5,5
key1001,2,26,28
key1002,18,4,27
key1003,0,4,9
key1004,19,21,16
key1005,0,6,22
key1006,4,11,36
key1007,12,4,10
key1008,11,19,6
key1009,0,8,22
key1010,4,5,35
key1011,1,5,32
key1012,13,1,9
key1013,18,10,3
key1014,8,7,39
key1015,19,1,15
key1016,9,1,26
key1017,0,21,3
key1018,8,16,14
key1019,4,2,35
key1020,5,12,39
key1021,12,16,34
key1022,11,18,28
key1023,15,23,33
key1024,10,27,28
key1025,7,11,15
key1026,3,11,34
key1027,15,13,37
key1028,20,24,1
key1029,17,12,26
key1030,0,24,34
key1031,5,21,3
key1032,15,22,1
key1033,7,26,3
key1034,9,21,39
key1035,8,23,24
key1036,19,10,13
key1037,2,19,34
key1038,1,12,25
key1039,12,29,23
key1040,16,23,8
key1041,1,12,5
key1042,1,4,27
key1043,10,17,3
key1044,17,17,10
key1045,13,29,22
key1046,9,18,8
key1047,2,28,16
key1048,20,2,9
key1049,2,6,30
key1050,15,27,39
key1051,11,2,23
key1052,5,5,20
key1053,2,27,36
key1054,20,2,37
key1055,11,0,20
key1056,12,13,10
key1057,20,3,16
key1058,12,1,19
key1059,12,10,33
key1060,11,15,8
key1061,13,27,7
key1062,14,15,27
key1063,7,10,30
key1064,1,9,26
key1065,14,9,40
key1066,10,23,29
key1067,20,21,7
key1068,8,1,3
key1069,14,4,11
key1070,1,25,24
key1071,10,5,24
key1072,16,4,0
key1073,16,1,19
key1074,1,14,18
key1075,8,5,39
key1076,10,9,19
key1077,14,13,30
key1078,12,24,20
key1079,16,16,40
key1080,1,25,13
key1081,8,17,30
key1082,16,2,4
key1083,13,16,38
key1084,14,28,37
key1085,12,29,4
key1086,1,1,24
key1087,6,12,4
key1088,14,13,31
key1089,8,14,36
key1090,13,15,30
key1091,3,20,23
key1092,19,4,7
key1093,11,3,28
key1094,5,30,25
key1095,14,17,24
key1096,14,12,32
key1097,0,13,33
key1098,2,23,20
key1099,4,17,17
key1100,2,21,36
key1101,17,20,35
key1102,11,12,18
key1103,17,3,23
key1104,15,5,14
key1105,11,14,1
key1106,8,29,3
key1107,13,2,8
key1108,1,16,15
key1109,2,9,34
key1110,5,22,13
key1111,6,18,37
key1112,11,17,25
key1113,14,27,24
key1114,5,12,40
key1115,10,7,12
key1116,13,10,19
key1117,7,10,16
key1118,19,12,30
key1119,7,16,17
key1120,1,21,32
key1121,14,5,25
key1122,12,11,20
key1123,14,26,17
key1124,19,28,38
key1125,2,20,26
key1126,18,24,12
key1127,1,19,28
key1128,7,6,13
key1129,19,6,6
key1130,3,28,10
key1131,6,20,12
key1132,4,30,37
key1133,16,26,2
key1134,6,9,10
key1135,16,21,14
key1136,20,29,25
key1137,3,3,21
key1138,5,6,0
key1139,7,16,7
key1140,8,24,39
key1141,15,12,21
key1142,8,0,23
key1143,11,22,29
key1144,19,20,4
key1145,19,30,21
key1146,8,5,38
key1147,3,26,5
key1148,8,8,14
key1149,17,9,16
key1150,11,12,10
key1151,7,11,31
key1152,5,1,33
key1153,2,14,10
key1154,9,12,17
key1155,9,4,19
key1156,20,28,35
key1157,1,20,12
key1158,11,2,2
key1159,2,30,23
key1160,2,13,15
key1161,3,13,24
key1162,19,6,17
key1163,9,23,21
key1164,2,12,25
key1165,16,22,33
key1166,2,1,11
key1167,18,12,32
key1168,6,15,10
key1169,16,29,31
key1170,11,0,3
key1171,18,24,38
key1172,12,5,2
key1173,13,15,24
key1174,17,18,8
key1175,5,19,36
key1176,3,21,9
key1177,16,12,12
key1178,3,9,40
key1179,2,16,21
key1180,12,10,4
key1181,11,28,9
key1182,4,18,14
key1183,9,22,38
key1184,6,16,15
key1185,17,29,21
key1186,17,13,2
key1187,10,20,31
key1188,9,1,24
key1189,16,18,3
key1190,18,15,15
key1191,6,13,34
key1192,6,1,2
key1193,12,15,24
key1194,19,13,4
key1195,19,15,32
key1196,10,19,28
key1197,14,25,39
key1198,16,17,31
key1199,2,12,39
key1200,9,24,14
key1201,4,6,7
key1202,17,8,8
key1203,18,21,24
key1204,19,0,25
key1205,1,23,13
key1206,19,7,12
key1207,6,29,24
key1208,4,17,7
key1209,4,2,38
key1210,2,5,21
key1211,0,5,31
key1212,0,24,37
key1213,12,1,25
key1214,2,28,4
key1215,7,10,5
key1216,4,12,20
key1217,2,14,20
key1218,1,9,11
key1219,4,14,12
key1220,13,6,34
key1221,7,20,14
key1222,17,22,31
key1223,20,22,5
key1224,10,14,23
key1225,17,9,32
key1226,4,7,0
key1227,4,14,15
key1228,7,15,2
key1229,2,14,33
key1230,5,27,26
key1231,7,10,34
key1232,7,4,11
key1233,7,23,30
key1234,15,3,4
key1235,9,24,22
key1236,3,10,36
key1237,19,19,13
key1238,7,11,20
key1239,11,19,10
key1240,1,23,35
key1241,6,22,17
key1242,15,21,8
key1243,9,10,23
key1244,14,7,36
key1245,18,27,6
key1246,17,29,26
key1247,7,6,13
key1248,18,21,36
key1249,13,16,14
key1250,8,1,4
key1251,20,20,14
key1252,13,4,37
key1253,7,7,34
key1254,3,7,16
key1255,12,7,25
key1256,20,5,32
key1257,18,23,19
key1258,7,20,13
key1259,18,18,17
key1260,12,15,5
key1261,19,25,32
key1262,18,22,15
key1263,11,2,22
key1264,17,8,12
key1265,9,5,20
key1266,3,16,39
key1267,19,25,27
key1268,1,25,1
key1269,5,19,30
key1270,10,15,11
key1271,8,1,35
key1272,19,8,23
key1273,11,27,31
key1274,3,2,3
key1275,6,16,10
key1276,2,17,31
key1277,6,24,38
key1278,16,9,14
key1279,4,20,24
key1280,17,15,31
key1281,15,27,19
key1282,9,4,5
key1283,6,26,8
key1284,16,25,29
key1285,2,12,12
key1286,11,27,20
key1287,16,5,15
key1288,3,9,29
key1289,13,12,38
key1290,8,23,35
key1291,7,7,26
key1292,10,8,5
key1293,1,1,3
key1294,9,17,29
key1295,14,20,1
key1296,15,17,19
key1297,8,26,26
key1298,1,13,10
key1299,1,21,14
key1300,0,26,4
key1301,18,4,14
key1302,8,23,40
key1303,7,4,7
key1304,11,13,10
key1305,12,6,24
key1306,4,10,27
key1307,11,14,29
key1308,4,0,2
key1309,15,19,39
key1310,2,17,30
key1311,6,21,23
key1312,19,8,25
key1313,4,19,12
key1314,0,28,32
key1315,2,12,33
key1316,7,3,37
key1317,3,5,16
key1318,8,26,32
key1319,16,24,10
key1320,15,20,20
key1321,2,24,7
key1322,9,27,6
key1323,19,20,17
key1324,5,3,16
key1325,7,25,14
key1326,13,28,34
key1327,14,16,38
key1328,19,19,8
key1329,11,22,14
key1330,8,26,29
key1331,20,19,6
key1332,12,25,19
key1333,20,5,3
key1334,7,1,13
key1335,4,10,23
key1336,16,13,9
key1337,14,4,31
key1338,15,28,36
key1339,3,14,8
key1340,18,5,40
key1341,18,15,12
key1342,6,6,2
key1343,2,8,30
key1344,20,11,20
key1345,5,17,37
key1346,2,9,36
key1347,9,28,38
key1348,17,5,1
key1349,6,3,31
key1350,15,3,11
key1351,7,5,12
key1352,0,19,34
key1353,19,4,30
key1354,12,7,24
key1355,12,23,23
key1356,13,18,27
key1357,19,12,22
key1358,20,30,32
key1359,12,26,9
key1360,7,7,26
key1361,17,25,39
key1362,5,28,19
key1363,15,14,39
key1364,14,18,27
key1365,20,27,17
key1366,2,22,11
key1367,7,5,4
key1368,8,0,6
key1369,15,19,35
key1370,6,1,26
key1371,15,22,31
key1372,10,17,7
key1373,14,13,36
key1374,13,15,20
key1375,5,11,39
key1376,15,23,11
key1377,9,17,33
key1378,20,30,9
key1379,18,3,16
key1380,4,3,35
key1381,8,15,23
key1382,1,12,34
key1383,10,19,6
key1384,19,15,23
key1385,10,29,27
key1386,9,5,2
key1387,18,4,13
key1388,17,26,11
key1389,1,11,18
key1390,4,10,15
key1391,8,28,29
key1392,2,22,24
key1393,7,1,31
key1394,8,30,0
key1395,9,21,6
key1396,3,10,3
key1397,8,16,10
key1398,0,3,14
key1399,19,19,25
key1400,4,15,22
key1401,0,0,37
key1402,16,4,24
key1403,20,17,36
key1404,3,11,20
key1405,9,16,1
key1406,3,25,21
key1407,2,13,4
key1408,5,7,32
key1409,9,27,21
key1410,10,22,13
key1411,18,2,29
key1412,4,13,5
key1413,7,17,3
key1414,17,22,18
key1415,10,3,24
key1416,18,29,8
key1417,15,17,26
key1418,7,28,35
key1419,1,20,33
key1420,13,13,11
key1421,9,21,33
key1422,11,30,5
key1423,13,22,7
key1424,10,25,19
key1425,16,25,18
key1426,2,19,15
key1427,18,14,4
key1428,17,19,15
key1429,10,28,33
key1430,6,23,29
key1431,1,3,15
key1432,17,6,3
key1433,10,15,23
key1434,19,19,17
key1435,0,29,11
key1436,3,19,14
key1437,2,0,35
key1438,2,5,28
key1439,0,6,31
key1440,9,19,5
key1441,7,15,18
key1442,12,6,27
key1443,7,23,3
key1444,0,11,30
key1445,1,1,19
key1446,14,1,6
key1447,17,9,18
key1448,3,16,1
key1449,15,15,17
key1450,1,24,9
key1451,14,3,13
key1452,10,12,14
key1453,11,4,34
key1454,2,16,4
key1455,19,11,34
key1456,15,4,28
key1457,2,5,24
key1458,11,23,17
key1459,15,22,39
key1460,12,22,3
key1461,10,18,38
key1462,19,25,3
key1463,7,21,18
key1464,0,24,17
key1465,13,14,27
key1466,6,24,15
key1467,14,30,16
key1468,1,14,10
key1469,12,3,14
key1470,18,5,31
key1471,15,2,26
key1472,17,4,26
key1473,9,23,32
key1474,7,22,27
key1475,18,26,34
key1476,19,17,16
key1477,14,4,2
key1478,4,28,28
key1479,18,21,31
key1480,15,2,35
key1481,2,9,3
key1482,14,6,34
key1483,6,29,9
key1484,0,4,12
key1485,11,4,39
key1486,6,11,25
key1487,16,16,21
key1488,7,16,7
key1489,20,6,1
key1490,17,10,27
key1491,9,11,37
key1492,10,14,31
key1493,3,18,38
key1494,10,14,27
key1495,0,14,38
key1496,15,21,40
key1497,14,20,30
key1498,6,10,20
key1499,3,28,20
key1500,8,18,36
key1501,6,0,19
key1502,16,18,11
key1503,16,7,35
key1504,2,14,19
key1505,4,16,19
key1506,18,17,2
key1507,6,21,19
key1508,6,15,14
key1509,3,28,20
key1510,16,2,25
key1511,3,16,26
key1512,1,4,37
key1513,5,17,5
key1514,11,14,5
key1515,5,12,15
key1516,0,30,13
key1517,1,26,26
key1518,8,7,10
key1519,4,28,36
key1520,6,18,22
key1521,15,22,31
key1522,11,20,3
key1523,2,12,11
key1524,15,2,13
key1525,4,25,38
key1526,15,20,9
key1527,5,18,24
key1528,1,6,6
key1529,9,19,38
key1530,7,7,24
key1531,10,8,4
key1532,15,20,35
key1533,14,25,3
key1534,20,13,17
key1535,15,25,31
key1536,9,5,22
key1537,8,0,31
key1538,4,16,22
key1539,0,26,19
key1540,3,26,8
key1541,19,25,19
key1542,19,19,9
key1543,14,5,31
key1544,10,22,21
key1545,17,4,32
key1546,1,25,39
key1547,14,8,21
key1548,19,6,3
key1549,17,28,5
key1550,16,4,10
key1551,15,25,26
key1552,2,25,36
key1553,20,28,24
key1554,3,15,20
key1555,9,2,18
key1556,8,26,20
key1557,17,21,30
key1558,13,27,26
key1559,1,18,23
key1560,6,30,34
key1561,8,11,35
key1562,18,25,17
key1563,10,4,17
key1564,0,16,16
key1565,3,1,38
key1566,13,24,32
key1567,9,1,39
key1568,18,18,4
key1569,12,5,15
key1570,7,11,21
key1571,15,17,18
key1572,5,5,32
key1573,12,8,17
key1574,12,26,16
key1575,16,17,3
key1576,1,4,16
key1577,9,29,7
key1578,12,25,34
key1579,17,3,8
key1580,2,5,26
key1581,10,18,31
key1582,14,10,31
key1583,13,13,17
key1584,12,17,33
key1585,8,17,12
key1586,16,8,8
key1587,7,22,16
key1588,3,20,19
key1589,2,13,32
key1590,7,17,14
key1591,1,6,18
key1592,5,1,29
key1593,0,19,11
key1594,10,15,4
key1595,1,6,21
key1596,1,22,0
key1597,11,18,26
key1598,8,4,16
key1599,15,20,6
key1600,12,23,0
key1601,19,1,11
key1602,19,16,28
key1603,1,0,15
key1604,5,25,33
key1605,15,14,24
key1606,5,30,3
key1607,3,18,12
key1608,16,16,6
key1609,16,22,34
key1610,10,9,35
key1611,5,11,28
key1612,8,7,29
key1613,5,7,21
key1614,12,3,3
key1615,12,1,8
key1616,15,19,28
key1617,11,23,20
key1618,15,12,7
key1619,5,17,18
key1620,19,8,6
key1621,19,19,20
key1622,0,18,10
key1623,1,7,22
key1624,5,13,11
key1625,0,21,4
key1626,20,24,29
key1627,16,1,38
key1628,0,15,34
key1629,11,2,28
key1630,5,4,22
key1631,13,30,17
key1632,13,27,12
key1633,16,15,19
key1634,12,28,34
key1635,4,21,11
key1636,7,6,3
key1637,11,11,3
key1638,16,13,35
key1639,3,21,11
key1640,11,27,40
key1641,4,12,39
key1642,4,8,18
key1643,11,20,35
key1644,8,4,14
key1645,12,12,13
key1646,11,12,29
key1647,16,13,39
key1648,14,26,4
key1649,3,28,6
key1650,10,21,15
key1651,4,30,31
key1652,0,3,13
key1653,10,10,27
key1654,6,21,1
key1655,12,12,26
key1656,9,26,16
key1657,11,3,17
key1658,5,7,0
key1659,17,19,0
key1660,20,6,11
key1661,16,21,5
key1662,10,20,24
key1663,8,24,32
key1664,14,27,26
key1665,13,24,15
key1666,13,15,16
key1667,15,2,24
key1668,12,8,17
key1669,19,29,29
key1670,16,5,11
key1671,1,2,24
key1672,9,12,23
key1673,19,21,36
key1674,16,24,11
key1675,20,9,22
key1676,3,23,37
key1677,2,6,22
key1678,1,20,31
key1679,3,11,40
key1680,14,13,20
key1681,14,14,32
key1682,6,17,5
key1683,14,22,5
key1684,4,14,38
key1685,5,16,6
key1686,19,29,13
key1687,2,11,19
key1688,14,14,30
key1689,3,17,35
key1690,15,2,18
key1691,4,9,12
key1692,0,18,8
key1693,19,1,39
key1694,9,22,13
key1695,12,12,11
key1696,16,25,22
key1697,4,1,24
key1698,10,8,10
key1699,12,21,26
key1700,19,25,5
key1701,8,23,35
key1702,8,27,21
key1703,8,29,12
key1704,2,21,32
key1705,7,7,32
key1706,3,5,15
key1707,18,8,6
key1708,5,4,12
key1709,16,21,6
key1710,11,11,21
key1711,10,19,9
key1712,8,25,35
key1713,15,24,13
key1714,12,1,39
key1715,7,24,33
key1716,7,24,38
key1717,6,7,36
key1718,5,4,25
key1719,8,7,15
key1720,8,18,34
key1721,6,1,38
key1722,16,0,14
key1723,15,28,8
key1724,5,16,19
key1725,20,18,27
key1726,20,23,5
key1727,5,3,9
key1728,14,29,10
key1729,8,12,34
key1730,16,19,3
key1731,10,21,36
key1732,16,5,28
key1733,3,13,30
key1734,18,8,18
key1735,10,20,24
key1736,13,15,27
key1737,8,13,29
key1738,14,4,6
key1739,14,26,17
key1740,13,28,11
key1741,1,25,21
key1742,13,8,15
key1743,7,5,6
key1744,3,23,8
key1745,9,2,6
key1746,15,23,18
key1747,12,14,8
key1748,3,19,22
key1749,11,7,35
key1750,9,17,26
key1751,19,29,21
key1752,18,17,25
key1753,11,1,23
key1754,3,17,5
key1755,12,25,3
key1756,6,10,29
key1757,3,20,30
key1758,19,13,4
key1759,13,25,3
key1760,5,4,3
key1761,18,16,8
key1762,19,29,33
key1763,17,25,16
key1764,8,19,32
key1765,18,18,28
key1766,5,8,27
key1767,6,14,25
key1768,12,21,19
key1769,4,28,9
key1770,1,7,11
key1771,11,15,29
key1772,6,1,37
key1773,3,29,28
key1774,6,18,4
key1775,4,24,7
key1776,13,21,20
key1777,16,9,16
key1778,20,8,23
key1779,9,25,9
key1780,5,5,32
key1781,15,1,26
key1782,10,19,21
key1783,19,15,28
key1784,10,2,5
key1785,5,8,8
key1786,14,25,23
key1787,15,25,28
key1788,11,28,23
key1789,17,21,8
key1790,15,5,39
key1791,12,4,29
key1792,13,13,36
key1793,19,10,13
key1794,12,20,37
key1795,3,14,19
key1796,2,17,1
key1797,8,15,18
key1798,2,2,31
key1799,10,7,37
key1800,19,3,24
key1801,6,14,14
key1802,16,25,15
key1803,17,28,28
key1804,4,17,29
key1805,18,2,24
key1806,9,25,39
key1807,14,0,24
key1808,15,7,9
key1809,2,0,31
key1810,5,19,20
key1811,7,5,30
key1812,3,16,24
key1813,10,16,33
key1814,8,25,36
key1815,4,25,14
key1816,3,18,21
key1817,13,7,18
key1818,20,22,5
key1819,20,22,24
key1820,18,8,12
key1821,12,2,39
key1822,11,28,14
key1823,1,13,29
key1824,19,22,22
key1825,4,18,37
key1826,15,5,34
key1827,1,8,5
key1828,2,12,28
key1829,16,6,31
key1830,3,29,11
key1831,16,21,26
key1832,1,4,34
key1833,18,15,5
key1834,12,27,7
key1835,6,26,32
key1836,5,21,25
key1837,13,15,2
key1838,6,25,30
key1839,10,21,12
key1840,12,0,10
key1841,12,6,2
key1842,2,23,27
key1843,14,3,34
key1844,8,19,21
key1845,12,19,19
key1846,17,19,16
key1847,11,5,12
key1848,3,3,3
key1849,8,27,39
key1850,11,25,1
key1851,12,4,33
key1852,8,28,17
key1853,6,3,1
key1854,15,9,40
key1855,7,11,16
key1856,6,29,19
key1857,8,11,22
key1858,2,17,34
key1859,4,6,17
key1860,13,10,30
key1861,16,0,37
key1862,4,27,31
key1863,7,29,25
key1864,9,29,17
key1865,15,19,27
key1866,17,14,14
key1867,2,13,27
key1868,10,26,37
key1869,8,23,31
key1870,17,0,17
key1871,13,16,7
key1872,14,10,11
key1873,3,12,38
key1874,14,27,11
key1875,12,12,23
key1876,2,15,25
key1877,4,15,23
key1878,14,18,7
key1879,6,10,39
key1880,16,13,19
key1881,4,20,20
key1882,2,1,36
key1883,10,21,29
key1884,1,13,38
key1885,18,5,13
key1886,11,18,21
key1887,9,24,17
key1888,6,27,37
key1889,19,18,17
key1890,19,9,27
key1891,12,21,37
key1892,5,29,35
key1893,16,26,17
key1894,1,0,30
key1895,1,15,14
key1896,4,9,6
key1897,2,6,2
key1898,18,30,34
key1899,19,18,16
key1900,18,17,27
key1901,3,19,1
key1902,3,1,26
key1903,13,24,13
key1904,18,22,38
key1905,10,21,7
key1906,10,17,17
key1907,2,23,11
key1908,19,26,14
key1909,6,22,22
key1910,16,1,31
key1911,17,16,4
key1912,9,4,29
key1913,16,19,3
key1914,3,21,8
key1915,13,2,14
key1916,4,27,31
key1917,14,14,21
key1918,7,6,40
key1919,12,4,1
key1920,13,17,15
key1921,7,28,5
key1922,1,9,6
key1923,2,14,13
key1924,16,21,33
key1925,2,21,11
key1926,19,4,28
key1927,9,15,40
key1928,13,19,1
key1929,10,26,4
key1930,8,14,3
key1931,18,18,10
key1932,10,1,10
key1933,19,25,11
key1934,17,30,23
key1935,15,24,2
key1936,9,25,4
key1937,2,18,35
key1938,15,8,11
key1939,1,12,3
key1940,6,4,16
key1941,1,22,28
key1942,17,2,25
key1943,7,19,22
key1944,4,8,5
key1945,18,18,8
key1946,12,3,32
key1947,12,27,15
key1948,6,2,12
key1949,5,6,36
key1950,10,1,30
key1951,17,24,12
key1952,6,29,1
key1953,19,16,31
key1954,18,14,40
key1955,18,8,34
key1956,18,21,25
key1957,12,1,15
key1958,2,2,2
key1959,5,21,13
key1960,19,11,10
key1961,13,19,30
key1962,19,19,15
key1963,0,5,7
key1964,15,30,10
key1965,0,6,19
key1966,13,4,23
key1967,11,25,34
key1968,6,13,39
key1969,12,24,18
key1970,20,12,5
key1971,5,20,0
key1972,19,22,32
key1973,13,5,32
key1974,19,19,12
key1975,2,14,7
key1976,13,26,5
key1977,8,9,38
key1978,9,7,13
key1979,3,2,19
key1980,14,7,3
key1981,10,24,9
key1982,7,22,10
key1983,7,2,9
key1984,9,30,12
key1985,14,8,7
key1986,2,23,37
key1987,15,14,39
key1988,7,24,4
key1989,4,13,1
key1990,16,27,28
key1991,19,2,18
key1992,15,11,36
key1993,17,11,15
key1994,12,14,36
key1995,14,20,14
key1996,16,26,23
key1997,15,3,11
key1998,15,4,3
key1999,2,10,40
key2000,7,18,26
key2001,18,20,20
key2002,7,25,24
key2003,11,14,7
key2004,1,1,20
key2005,14,28,33
key2006,15,0,34
key2007,8,15,22
key2008,5,28,14
key2009,14,18,26
key2010,1,21,33
key2011,12,0,18
key2012,9,17,4
key2013,16,9,23
key2014,20,9,31
key2015,6,20,10
key2016,17,23,29
key2017,5,17,26
key2018,14,21,12
key2019,16,23,23
key2020,4,14,37
key2021,9,12,27
key2022,9,27,5
key2023,2,3,38
key2024,19,5,12
key2025,14,9,7
key2026,20,30,2
key2027,18,15,20
key2028,8,12,2
key2029,9,19,27
key2030,1,20,5
key2031,14,9,4
key2032,12,22,16
key2033,8,11,18
key2034,8,0,31
key2035,13,30,25
key2036,15,10,3
key2037,16,0,26
key2038,11,22,36
key2039,5,26,8
key2040,13,27,27
key2041,19,5,3
key2042,9,27,5
key2043,3,1,31
key2044,5,19,16
key2045,7,1,24
key2046,17,2,7
key2047,5,12,6
key2048,18,11,40
key2049,18,12,2
key2050,18,9,11
key2051,9,27,8
key2052,13,3,2
key2053,3,27,16
key2054,11,7,10
key2055,16,9,35
key2056,13,26,13
key2057,6,19,24
key2058,16,19,3
key2059,3,25,21
key2060,7,3,11
key2061,19,6,32
key2062,14,5,19
key2063,4,14,31
key2064,5,11,20
key2065,9,7,37
key2066,20,16,33
key2067,1,8,38
key2068,13,8,14
key2069,2,9,17
key2070,10,12,25
key2071,7,5,21
key2072,17,26,36
key2073,14,16,16
key2074,1,28,27
key2075,4,28,26
key2076,14,12,25
key2077,15,23,16
key2078,17,8,11
key2079,4,0,13
key2080,18,24,19
key2081,7,11,22
key2082,15,3,26
key2083,4,5,24
key2084,2,21,6
key2085,5,13,5
key2086,17,19,24
key2087,4,27,38
key2088,17,13,36
key2089,1,24,36
key2090,15,22,14
key2091,7,1,11
key2092,8,10,31
key2093,3,3,31
key2094,14,9,16
key2095,9,7,32
key2096,2,11,9
key2097,9,7,11
key2098,13,8,37
key2099,11,1,2
key2100,14,25,2
key2101,3,4,30
key2102,6,6,27
key2103,19,11,13
key2104,15,2,21
key2105,4,23,27
key2106,16,1,25
key2107,10,28,4
key2108,8,5,30
key2109,7,3,39
key2110,1,6,14
key2111,2,6,28
key2112,9,2,5
key2113,12,3,4
key2114,14,20,14
key2115,0,18,6
key2116,20,1,36
key2117,2,21,31
key2118,3,26,22
key2119,6,15,6
key2120,1,2,39
key2121,0,13,16
key2122,13,30,11
key2123,14,11,20
key2124,11,10,26
key2125,9,3,34
key2126,19,12,7
key2127,19,6,30
key2128,2,25,32
key2129,11,6,0
key2130,14,14,5
key2131,18,2,26
key2132,10,21,20
key2133,20,6,7
key2134,12,19,9
key2135,13,19,0
key2136,16,0,21
key2137,17,5,19
key2138,5,11,2
key2139,8,20,12
key2140,6,14,5
key2141,17,8,22
key2142,3,29,31
key2143,14,28,35
key2144,3,28,28
key2145,18,4,30
key2146,17,21,22
key2147,19,26,29
key2148,13,15,9
key2149,14,24,20
key2150,18,16,10
key2151,16,6,9
key2152,6,21,26
key2153,15,23,21
key2154,15,27,0
key2155,7,25,7
key2156,2,19,40
key2157,14,30,38
key2158,14,7,19
key2159,5,15,6
key2160,7,6,4
key2161,13,4,7
key2162,1,1,6
key2163,9,22,29
key2164,5,27,12
key2165,16,6,35
key2166,12,24,23
key2167,5,9,30
key2168,14,13,11
key2169,10,17,15
key2170,4,13,39
key2171,19,12,16
key2172,13,15,11
key2173,9,26,27
key2174,8,26,28
key2175,9,3,3
key2176,1,19,29
key2177,16,26,35
key2178,7,28,15
key2179,15,0,21
key2180,7,26,17
key2181,17,3,16
key2182,15,14,24
key2183,18,20,17
key2184,1,27,9
key2185,14,23,40
key2186,5,23,38
key2187,10,27,10
key2188,5,24,37
key2189,4,3,19
key2190,4,27,39
key2191,19,5,20
key2192,17,13,19
key2193,1,6,17
key2194,7,20,13
key2195,14,24,6
key2196,15,17,12
key2197,9,15,7
key2198,6,13,9
key2199,10,1,22
key2200,20,8,17
key2201,19,22,9
key2202,1,26,33
key2203,14,10,30
key2204,9,23,19
key2205,3,18,30
key2206,19,24,39
key2207,16,0,22
key2208,6,8,34
key2209,1,8,30
key2210,2,30,34
key2211,6,9,17
key2212,7,7,9
key2213,18,8,22
key2214,18,20,34
key2215,18,8,15
key2216,7,8,23
key2217,11,29,27
key2218,17,16,5
key2219,16,10,3
key2220,6,13,32
key2221,11,11,10
key2222,2,0,25
key2223,3,26,36
key2224,5,3,5
key2225,18,17,38
key2226,6,9,33
key2227,19,29,26
key2228,4,7,21
key2229,15,29,32
key2230,2,29,9
key2231,2,17,12
key2232,0,14,2
key2233,6,20,39
key2234,2,18,19
key2235,15,17,14
key2236,14,10,30
key2237,5,16,13
key2238,12,24,3
key2239,16,18,18
key2240,6,24,2
key2241,12,28,9
key2242,13,11,11
key2243,0,0,25
key2244,15,0,26
key2245,9,3,21
key2246,9,30,29
key2247,5,27,27
key2248,16,25,2
key2249,17,2,28
key2250,18,23,13
key2251,19,18,12
key2252,11,2,15
key2253,4,22,23
key2254,19,19,35
key2255,14,13,9
key2256,4,26,26
key2257,19,1,5
key2258,2,8,1
key2259,14,16,17
key2260,16,0,21
key2261,9,16,37
key2262,8,7,9
key2263,5,13,23
key2264,13,7,21
key2265,20,21,5
key2266,13,21,13
key2267,6,7,25
key2268,12,20,19
key2269,13,18,24
key2270,7,13,17
key2271,18,21,10
key2272,10,15,26
key2273,9,8,37
key2274,11,2,40
key2275,4,14,1
key2276,4,19,38
key2277,8,26,37
key2278,19,4,16
key2279,8,18,7
key2280,12,13,18
key2281,0,2,39
key2282,0,29,11
key2283,2,25,10
key2284,9,17,29
key2285,15,16,7
key2286,1,17,24
key2287,2,22,10
key2288,4,21,32
key2289,11,10,11
key2290,11,7,34
key2291,16,2,5
key2292,8,17,23
key2293,5,3,11
key2294,16,18,5
key2295,15,25,22
key2296,18,20,5
key2297,12,11,1
key2298,18,20,40
key2299,9,8,2
key2300,14,2,11
key2301,12,10,3
key2302,20,29,5
key2303,8,16,36
key2304,6,27,2
key2305,11,28,8
key2306,17,20,4
key2307,10,15,24
key2308,1,22,36
key2309,10,25,33
key2310,14,29,33
key2311,20,16,34
key2312,10,9,7
key2313,0,0,22
key2314,10,11,20
key2315,14,5,11
key2316,2,11,8
key2317,13,8,34
key2318,9,16,34
key2319,4,2,16
key2320,14,25,2
key2321,11,12,31
key2322,10,28,22
key2323,16,26,32
key2324,14,8,39
key2325,13,1,1
key2326,8,17,31
key2327,8,22,21
key2328,3,1,16
key2329,13,18,6
key2330,17,26,19
key2331,18,21,26
key2332,8,12,34
key2333,6,16,3
key2334,3,10,37
key2335,10,15,8
key2336,2,18,14
key2337,5,25,32
key2338,13,11,3
key2339,15,9,8
key2340,16,2,25
key2341,8,25,38
key2342,13,4,29
key2343,2,10,29
key2344,5,13,19
key2345,20,8,12
key2346,11,4,6
key2347,3,4,3
key2348,2,14,37
key2349,12,11,18
key2350,7,16,34
key2351,5,16,23
key2352,18,29,29
key2353,2,27,2
key2354,13,10,23
key2355,17,14,39
key2356,19,5,6
key2357,15,13,34
key2358,5,17,28
key2359,16,14,17
key2360,15,17,26
key2361,7,3,24
key2362,16,18,17
key2363,11,11,2
key2364,2,20,30
key2365,11,7,1
key2366,12,20,37
key2367,5,1,39
key2368,6,7,1
key2369,2,0,13
key2370,20,15,36
key2371,15,15,2
key2372,9,16,28
key2373,2,17,26
key2374,12,18,32
key2375,10,17,14
key2376,9,18,28
key2377,13,26,8
key2378,10,9,11
key2379,10,28,39
key2380,18,2,2
key2381,17,29,7
key2382,12,7,24
key2383,6,29,40
key2384,18,4,11
key2385,13,17,39
key2386,12,27,6
key2387,20,6,39
key2388,9,29,6
key2389,2,8,9
key2390,3,26,3
key2391,1,23,14
key2392,15,8,3
key2393,1,16,40
key2394,19,22,11
key2395,19,0,19
key2396,17,3,33
key2397,2,15,9
key2398,19,11,17
key2399,12,20,16
key2400,16,30,18
key2401,8,1,36
key2402,11,11,36
key2403,11,24,30
key2404,19,12,10
key2405,1,3,25
key2406,14,26,15
key2407,10,24,10
key2408,20,2,39
key2409,3,14,39
key2410,18,4,15
key2411,5,20,10
key2412,17,1,18
key2413,17,20,39
key2414,16,7,19
key2415,19,9,6
key2416,19,22,28
key2417,10,4,9
key2418,7,24,28
key2419,3,18,20
key2420,15,0,35
key2421,11,26,9
key2422,6,28,24
key2423,15,22,28
key2424,3,13,29
key2425,5,11,34
key2426,12,29,15
key2427,5,4,9
key2428,3,29,19
key2429,19,9,14
key2430,11,2,20
key2431,10,14,34
key2432,12,24,4
key2433,4,17,19
key2434,18,18,6
key2435,18,10,23
key2436,9,25,10
key2437,11,25,31
key2438,13,3,12
key2439,11,7,34
key2440,3,24,36
key2441,12,20,4
key2442,9,12,16
key2443,18,19,5
key2444,19,17,32
key2445,11,6,22
key2446,18,12,39
key2447,17,4,20
key2448,6,12,35
key2449,14,5,15
key2450,7,5,26
key2451,8,11,17
key2452,6,29,20
key2453,12,25,4
key2454,5,15,25
key2455,2,28,1
key2456,13,25,13
key2457,2,28,24
key2458,10,1,29
key2459,17,25,30
key2460,19,28,23
key2461,18,25,29
key2462,14,5,12
key2463,13,26,35
key2464,4,28,11
key2465,19,12,14
key2466,12,1,31
key2467,14,16,25
key2468,8,20,3
key2469,7,19,35
key2470,2,2,39
key2471,11,23,14
key2472,5,30,13
key2473,16,22,27
key2474,18,20,25
key2475,20,29,9
key2476,8,22,39
key2477,19,26,26
key2478,10,7,34
key2479,4,2,15
key2480,5,6,21
key2481,9,28,14
key2482,19,22,25
key2483,16,30,13
key2484,3,13,36
key2485,11,3,23
key2486,4,24,13
key2487,3,17,21
key2488,3,23,20
key2489,6,22,23
key2490,12,29,10
key2491,13,29,0
key2492,1,7,36
key2493,18,0,37
key2494,19,29,24
key2495,10,7,1
key2496,10,14,38
key2497,13,10,14
key2498,19,25,13
key2499,14,2,12
key2500,19,18,10
key2501,11,19,23
key2502,11,20,21
key2503,6,28,11
key2504,15,17,16
key2505,9,28,31
key2506,10,18,35
key2507,0,7,30
key2508,8,30,38
key2509,19,20,31
key2510,6,14,4
key2511,16,16,14
key2512,19,7,5
key2513,4,15,34
key2514,12,11,34
key2515,2,27,20
key2516,14,9,32
key2517,7,25,32
key2518,7,23,26
key2519,12,3,26
key2520,13,18,5
key2521,6,12,34
key2522,14,13,22
key2523,0,25,10
key2524,1,11,21
key2525,9,17,33
key2526,19,21,26
key2527,6,5,26
key2528,5,26,24
key2529,1,16,3
key2530,6,21,25
key2531,10,4,18
key2532,14,3,34
key2533,18,13,15
key2534,2,25,39
key2535,12,5,11
key2536,2,28,10
key2537,17,20,40
key2538,6,2,24
key2539,20,26,31
key2540,4,15,36
key2541,11,19,23
key2542,7,29,22
key2543,3,25,12
key2544,9,29,35
key2545,4,21,27
key2546,19,25,36
key2547,8,13,16
key2548,12,23,5
key2549,3,12,7
key2550,8,7,7
key2551,9,11,16
key2552,14,7,8
key2553,18,19,40
key2554,5,11,24
key2555,3,19,6
key2556,6,9,21
key2557,6,3,21
key2558,15,4,34
key2559,13,9,8
key2560,12,0,11
key2561,7,30,17
key2562,10,18,15
key2563,20,16,21
key2564,2,19,4
key2565,11,18,31
key2566,9,20,18
key2567,15,5,27
key2568,15,23,30
key2569,11,17,37
key2570,13,27,26
key2571,13,29,24
key2572,6,21,32
key2573,1,16,27
key2574,8,23,3
key2575,13,7,18
key2576,19,18,29
key2577,19,15,3
key2578,13,6,3
key2579,11,22,1
key2580,8,7,1
key2581,7,26,5
key2582,2,8,13
key2583,14,10,39
key2584,9,28,0
key2585,8,24,36
key2586,3,1,7
key2587,19,13,38
key2588,15,1,36
key2589,8,20,26
key2590,16,1,6
key2591,0,16,36
key2592,17,24,5
key2593,16,18,31
key2594,7,8,12
key2595,7,5,40
key2596,8,11,6
key2597,1,6,14
key2598,5,18,3
key2599,2,5,11
key2600,19,4,31
key2601,18,22,25
key2602,15,14,21
key2603,11,9,5
key2604,14,25,34
key2605,15,21,33
key2606,10,12,35
key2607,0,20,37
key2608,17,30,16
key2609,0,22,11
key2610,11,12,28
key2611,15,19,12
key2612,2,26,8
key2613,15,17,13
key2614,10,12,30
key2615,13,13,8
key2616,3,13,3
key2617,17,9,2
key2618,15,23,3
key2619,14,16,23
key2620,3,17,16
key2621,7,12,16
key2622,8,14,16
key2623,20,19,10
key2624,0,7,9
key2625,8,18,32
key2626,7,4,16
key2627,19,18,2
key2628,1,21,6
key2629,11,10,35
key2630,9,21,13
key2631,7,3,15
key2632,5,4,25
key2633,16,5,24
key2634,9,17,13
key2635,14,22,26
key2636,17,21,36
key2637,14,20,37
key2638,5,22,2
key2639,0,3,9
key2640,18,21,30
key2641,14,19,0
key2642,15,23,8
key2643,3,13,39
key2644,11,30,12
key2645,9,23,3
key2646,18,29,22
key2647,16,4,39
key2648,12,28,0
key2649,14,4,33
key2650,1,1,2
key2651,12,6,37
key2652,8,28,36
key2653,10,1,10
key2654,9,20,36
key2655,6,26,16
key2656,18,21,27
key2657,3,26,2
key2658,6,27,34
key2659,15,10,38
key2660,8,6,18
key2661,5,28,15
key2662,6,15,24
key2663,8,7,16
key2664,7,12,14
key2665,6,12,31
key2666,17,21,6
key2667,19,9,33
key2668,17,7,31
key2669,5,23,24
key2670,4,23,28
key2671,14,6,20
key2672,6,19,24
key2673,6,26,28
key2674,8,18,10
key2675,19,29,1
key2676,4,26,26
key2677,18,20,16
key2678,14,28,25
key2679,14,11,8
key2680,19,28,14
key2681,1,8,27
key2682,0,19,19
key2683,1,7,32
key2684,7,13,12
key2685,9,25,35
key2686,6,7,21
key2687,13,28,6
key2688,5,10,33
key2689,17,4,39
key2690,4,13,23
key2691,17,2,13
key2692,8,16,31
key2693,15,20,4
key2694,2,13,36
key2695,6,11,38
key2696,2,11,38
key2697,18,9,4
key2698,1,11,7
key2699,12,16,5
key2700,5,26,0
key2701,9,23,34
key2702,13,17,29
key2703,16,18,20
key2704,9,2,23
key2705,18,6,2
key2706,19,24,6
key2707,18,5,16
key2708,11,26,7
key2709,9,22,34
key2710,16,13,4
key2711,15,15,5
key2712,18,21,33
key2713,5,9,27
key2714,11,20,18
key2715,20,11,39
key2716,2,25,38
key2717,3,7,8
key2718,19,7,24
key2719,19,21,6
key2720,6,26,14
key2721,20,22,9
key2722,9,15,22
key2723,13,22,34
key2724,3,5,36
key2725,18,23,28
key2726,11,21,29
key2727,16,29,8
key2728,9,20,3
key2729,20,22,11
key2730,8,22,19
key2731,2,22,32
key2732,11,21,11
key2733,8,18,36
key2734,10,20,30
key2735,6,16,34
key2736,6,22,14
key2737,4,21,10
key2738,5,14,36
key2739,7,15,34
key2740,1,2,9
key2741,11,29,5
key2742,19,7,33
key2743,5,22,11
key2744,19,17,29
key2745,14,0,24
key2746,5,18,39
key2747,11,7,34
key2748,2,2,2
key2749,3,22,18
key2750,3,23,17
key2751,18,28,27
key2752,17,16,23
key2753,6,27,37
key2754,6,16,38
key2755,6,4,9
key2756,13,18,5
key2757,10,27,6
key2758,13,4,28
key2759,19,13,16
key2760,6,17,7
key2761,1,25,12
key2762,16,3,10
key2763,12,4,17
key2764,7,13,34
key2765,13,6,7
key2766,18,5,39
key2767,0,23,24
key2768,4,7,2
key2769,5,25,27
key2770,4,26,9
key2771,18,6,9
key2772,5,18,33
key2773,16,24,12
key2774,13,26,13
key2775,4,6,22
key2776,16,29,39
key2777,4,1,15
key2778,2,21,23
key2779,12,29,28
key2780,13,18,16
key2781,4,28,36
key2782,5,28,29
key2783,14,4,18
key2784,10,30,10
key2785,1,9,5
key2786,14,22,34
key2787,16,12,27
key2788,2,22,34
key2789,17,0,8
key2790,8,15,23
key2791,9,27,12
key2792,6,5,13
key2793,10,11,1
key2794,13,4,36
key2795,9,23,22
key2796,4,14,38
key2797,16,2,22
key2798,3,6,33
key2799,4,22,7
key2800,12,3,36
key2801,7,6,22
key2802,18,27,26
key2803,13,23,1
key2804,12,27,11
key2805,1,17,8
key2806,10,2,6
key2807,15,29,4
key2808,5,4,23
key2809,16,4,6
key2810,17,24,38
key2811,5,24,21
key2812,2,27,1
key2813,0,12,39
key2814,13,29,24
key2815,8,9,22
key2816,15,8,14
key2817,2,17,1
key2818,19,20,29
key2819,16,13,34
key2820,12,10,16
key2821,15,13,13
key2822,20,26,18
key2823,2,27,9
key2824,2,24,32
key2825,9,23,40
key2826,18,16,1
key2827,7,24,33
key2828,1,19,12
key2829,19,14,39
key2830,7,1,7
key2831,3,8,13
key2832,5,26,27
key2833,4,10,0
key2834,16,8,18
key2835,13,6,39
key2836,15,20,35
key2837,11,21,2
key2838,3,16,1
key2839,8,14,10
key2840,2,20,7
key2841,17,0,18
key2842,3,16,27
key2843,11,15,27
key2844,13,5,39
key2845,4,7,11
key2846,7,24,17
key2847,3,8,15
key2848,15,26,25
key2849,14,18,13
key2850,17,5,30
key2851,13,4,8
key2852,3,5,1
key2853,2,22,19
key2854,6,4,32
key2855,15,16,3
key2856,7,22,16
key2857,3,16,13
key2858,6,4,34
key2859,8,19,27
key2860,8,9,5
key2861,9,24,9
key2862,12,10,38
key2863,5,27,15
key2864,1,21,2
key2865,18,27,26
key2866,7,14,32
key2867,12,18,22
key2868,1,25,38
key2869,19,1,26
key2870,10,17,3
key2871,15,28,15
key2872,1,12,5
key2873,7,17,13
key2874,14,10,15
key2875,10,12,14
key2876,4,20,35
key2877,5,2,29
key2878,4,19,38
key2879,2,8,40
key2880,3,1,3
key2881,6,29,23
key2882,10,27,35
key2883,1,5,19
key2884,17,2,15
key2885,4,26,17
key2886,13,2,8
key2887,15,17,16
key2888,4,17,36
key2889,18,29,4
key2890,0,19,26
key2891,4,3,12
key2892,19,27,33
key2893,0,17,28
key2894,20,4,4
key2895,19,16,13
key2896,17,0,37
key2897,5,25,5
key2898,17,18,29
key2899,12,19,4
key2900,19,18,22
key2901,12,30,37
key2902,4,14,12
key2903,19,29,22
key2904,3,30,2
key2905,18,11,6
key2906,20,11,4
key2907,19,20,7
key2908,2,10,36
key2909,16,23,27
key2910,12,6,19
key2911,19,1,26
key2912,11,12,13
key2913,4,27,9
key2914,1,5,34
key2915,18,3,17
key2916,10,3,29
key2917,14,1,5
key2918,1,16,21
key2919,16,15,32
key2920,12,28,27
key2921,12,16,18
key2922,15,11,4
key2923,8,19,40
key2924,15,4,2
key2925,17,10,10
key2926,6,10,2
key2927,14,26,36
key2928,10,8,20
key2929,8,12,9
key2930,18,21,33
key2931,6,18,34
key2932,19,23,35
key2933,13,2,23
key2934,17,11,34
key2935,2,11,15
key2936,16,30,16
key2937,6,15,5
key2938,7,22,2
key2939,14,27,25
key2940,6,26,11
key2941,14,6,33
key2942,9,21,11
key2943,9,4,25
key2944,5,18,27
key2945,3,17,40
key2946,7,2,16
key2947,13,22,7
key2948,1,10,10
key2949,4,25,26
key2950,6,10,2
key2951,18,23,25
key2952,3,30,4
key2953,0,25,22
key2954,16,20,34
key2955,11,20,7
key2956,19,1,23
key2957,5,5,9
key2958,7,18,20
key2959,14,3,39
key2960,1,26,13
key2961,10,13,3
key2962,5,15,28
key2963,6,9,27
key2964,2,25,34
key2965,3,12,29
key2966,17,11,20
key2967,1,1,23
key2968,3,15,8
key2969,19,14,1
key2970,13,15,31
key2971,0,8,11
key2972,3,7,17
key2973,14,10,11
key2974,5,17,38
key2975,2,12,31
key2976,1,26,1
key2977,5,12,6
key2978,19,20,15
key2979,7,11,3
key2980,1,3,8
key2981,3,28,23
key2982,16,21,31
key2983,18,9,20
key2984,6,5,32
key2985,15,28,38
key2986,11,24,3
key2987,16,3,19
key2988,4,5,23
key2989,0,16,36
key2990,1,4,15
key2991,10,24,21
key2992,3,0,33
key2993,5,6,10
key2994,14,26,27
key2995,16,3,20
key2996,16,26,27
key2997,18,1,25
key2998,7,18,31
key2999,5,8,31
key3000,4,19,17
key3001,16,25,17
key3002,13,7,0
key3003,9,14,11
key3004,19,10,9
key3005,17,27,29
key3006,9,13,26
key3007,18,4,23
key3008,5,11,15
key3009,4,9,10
key3010,1,3,40
key3011,15,4,16
key3012,9,28,39
key3013,18,18,14
key3014,3,19,5
key3015,2,6,32
key3016,19,3,9
key3017,18,23,14
key3018,14,6,38
key3019,12,22,1
key3020,6,8,8
key3021,18,19,7
key3022,20,19,31
key3023,14,11,0
key3024,13,8,25
key3025,9,24,30
key3026,14,21,35
key3027,2,16,10
key3028,8,4,24
key3029,5,16,39
key3030,8,18,31
key3031,19,17,38
key3032,19,12,34
key3033,20,11,3
key3034,10,13,33
key3035,8,13,24
key3036,14,30,28
key3037,15,20,22
key3038,8,11,9
key3039,20,15,34
key3040,9,27,20
key3041,5,11,39
key3042,14,10,32
key3043,19,13,38
key3044,18,19,15
key3045,6,18,27
key3046,8,11,28
key3047,17,10,18
key3048,5,27,20
key3049,18,12,18
key3050,1,14,17
key3051,9,2,9
key3052,14,19,36
key3053,11,5,9
key3054,2,9,15
key3055,12,10,35
key3056,16,9,30
key3057,5,12,16
key3058,4,30,13
key3059,7,24,31
key3060,19,28,3
key3061,15,6,20
key3062,4,8,33
key3063,4,18,39
key3064,12,2,3
key3065,4,21,8
key3066,0,16,10
key3067,13,4,33
key3068,2,11,13
key3069,9,14,3
key3070,19,29,37
key3071,15,23,15
key3072,20,12,16
key3073,11,22,39
key3074,14,4,20
key3075,11,15,7
key3076,12,30,2
key3077,2,12,18
key3078,15,21,22
key3079,9,7,9
key3080,3,22,5
key3081,15,29,18
key3082,0,21,25
key3083,17,8,8
key3084,1,23,14
key3085,11,16,14
key3086,11,12,18
key3087,18,3,38
key3088,0,14,39
key3089,11,8,3
key3090,12,11,37
key3091,10,30,34
key3092,8,3,9
key3093,9,19,18
key3094,8,4,12
key3095,12,22,13
key3096,7,9,32
key3097,18,18,35
key3098,2,30,33
key3099,18,13,25
key3100,7,21,16
key3101,19,7,36
key3102,15,28,18
key3103,13,3,27
key3104,18,22,13
key3105,15,17,37
key3106,8,25,18
key3107,5,8,11
key3108,2,10,10
key3109,3,9,26
key3110,8,13,14
key3111,18,21,31
key3112,2,25,22
key3113,10,11,13
key3114,7,3,37
key3115,7,12,4
key3116,7,28,34
key3117,17,1,21
key3118,18,13,6
key3119,15,11,5
key3120,3,29,29
key3121,8,19,33
key3122,11,26,10
key3123,3,25,14
key3124,18,11,33
key3125,1,28,5
key3126,5,2,25
key3127,14,17,24
key3128,15,9,39
key3129,13,18,6
key3130,10,16,33
key3131,16,1,23
key3132,7,20,27
key3133,15,17,8
key3134,2,28,12
key3135,11,28,17
key3136,17,13,4
key3137,3,15,10
key3138,20,13,20
key3139,20,21,19
key3140,2,19,14
key3141,4,21,31
key3142,12,16,28
key3143,12,10,23
key3144,15,20,20
key3145,6,2,1
key3146,2,17,19
key3147,1,5,37
key3148,16,23,35
key3149,12,16,8
key3150,2,2,34
key3151,17,8,4
key3152,1,1,24
key3153,10,18,13
key3154,5,6,23
key3155,10,23,16
key3156,7,15,24
key3157,2,28,9
key3158,19,28,10
key3159,19,1,15
key3160,6,18,5
key3161,15,12,15
key3162,18,13,37
key3163,14,28,14
key3164,3,21,17
key3165,4,10,6
key3166,3,22,22
key3167,20,23,36
key3168,8,15,36
key3169,12,19,25
key3170,11,30,3
key3171,4,5,8
key3172,12,6,22
key3173,5,27,13
key3174,2,26,3
key3175,10,24,5
key3176,3,13,8
key3177,5,15,30
key3178,6,5,22
key3179,19,29,15
key3180,14,26,25
key3181,8,15,9
key3182,1,17,38
key3183,3,20,29
key3184,3,14,13
key3185,9,20,38
key3186,18,25,0
key3187,18,6,8
key3188,7,0,30
key3189,2,25,4
key3190,11,12,11
key3191,0,21,17
key3192,12,3,7
key3193,11,17,0
key3194,8,13,27
key3195,15,23,37
key3196,5,23,38
key3197,1,17,25
key3198,2,6,18
key3199,3,13,10
key3200,17,29,3
key3201,5,14,9
key3202,4,4,14
key3203,12,9,17
key3204,3,29,35
key3205,8,27,34
key3206,2,25,26
key3207,12,3,26
key3208,4,4,38
key3209,6,5,1
key3210,4,18,25
key3211,16,16,12
key3212,2,8,33
key3213,7,23,17
key3214,7,12,26
key3215,6,19,14
key3216,11,22,3
key3217,18,16,27
key3218,16,22,25
key3219,1,21,35
key3220,7,13,10
key3221,18,27,25
key3222,20,4,15
key3223,6,20,39
key3224,11,14,21
key3225,16,23,15
key3226,12,20,1
key3227,9,18,15
key3228,2,11,27
key3229,12,0,33
key3230,9,23,15
key3231,2,23,16
key3232,2,6,39
key3233,8,13,37
key3234,9,30,34
key3235,11,12,6
key3236,12,10,26
key3237,7,8,12
key3238,17,4,18
key3239,12,1,23
key3240,0,3,9
key3241,2,1,14
key3242,19,2,13
key3243,8,2,35
key3244,3,9,39
key3245,2,25,24
key3246,10,20,27
key3247,15,8,23
key3248,14,6,19
key3249,15,16,33
key3250,15,29,16
key3251,9,5,9
key3252,2,29,19
key3253,1,2,13
key3254,19,11,6
key3255,13,29,2
key3256,7,16,17
key3257,14,14,27
key3258,12,9,5
key3259,17,14,12
key3260,6,13,18
key3261,19,23,20
key3262,13,6,16
key3263,1,11,26
key3264,4,8,34
key3265,6,3,27
key3266,2,26,31
key3267,1,5,21
key3268,16,9,27
key3269,9,15,12
key3270,4,5,13
key3271,14,18,4
key3272,15,11,32
key3273,13,2,23
key3274,17,25,20
key3275,4,1,4
key3276,4,23,20
key3277,5,21,22
key3278,5,12,15
key3279,0,20,6
key3280,5,13,36
key3281,9,18,22
key3282,10,24,28
key3283,5,22,24
key3284,2,4,25
key3285,6,29,17
key3286,19,3,28
key3287,1,24,30
key3288,3,29,26
key3289,2,8,24
key3290,10,2,11
key3291,12,28,34
key3292,9,24,29
key3293,5,6,35
key3294,1,26,16
key3295,1,7,9
key3296,16,24,20
key3297,17,28,20
key3298,17,24,32
key3299,9,7,34
key3300,8,23,32
key3301,8,20,30
key3302,8,27,37
key3303,16,7,8
key3304,5,25,18
key3305,18,15,33
key3306,16,13,32
key3307,16,9,28
key3308,5,0,17
key3309,10,0,39
key3310,3,29,23
key3311,3,11,17
key3312,19,16,22
key3313,19,14,23
key3314,2,8,33
key3315,16,30,33
key3316,3,27,9
key3317,8,1,15
key3318,11,17,31
key3319,17,5,35
key3320,13,18,30
key3321,10,14,8
key3322,2,27,5
key3323,19,6,1
key3324,15,4,5
key3325,13,11,31
key3326,13,24,10
key3327,7,9,1
key3328,17,8,2
key3329,15,22,4
key3330,2,24,26
key3331,14,8,5
key3332,12,12,25
key3333,8,10,31
key3334,17,13,18
key3335,15,29,27
key3336,1,20,35
key3337,11,30,9
key3338,20,0,3
key3339,11,9,20
key3340,2,14,15
key3341,18,4,16
key3342,7,7,36
key3343,1,6,22
key3344,13,5,32
key3345,11,0,5
key3346,20,17,38
key3347,4,1,4
key3348,1,3,18
key3349,10,5,7
key3350,3,26,4
key3351,7,14,21
key3352,12,27,4
key3353,17,9,24
key3354,12,6,23
key3355,7,0,20
key3356,9,19,26
key3357,6,22,31
key3358,9,27,37
key3359,4,14,34
key3360,3,30,25
key3361,10,22,34
key3362,2,1,32
key3363,8,16,36
key3364,0,23,4
key3365,6,6,16
key3366,10,15,11
key3367,16,2,28
key3368,18,1,18
key3369,6,26,3
key3370,10,0,38
key3371,5,7,2
key3372,8,28,23
key3373,5,18,4
key3374,2,1,10
key3375,4,2,4
key3376,10,29,26
key3377,3,15,22
key3378,8,11,38
key3379,16,5,29
key3380,6,24,2
key3381,17,2,29
key3382,18,2,1
key3383,19,29,32
key3384,8,14,2
key3385,4,27,11
key3386,10,11,10
key3387,14,7,9
key3388,18,22,23
key3389,1,13,15
key3390,17,6,36
key3391,18,20,1
key3392,18,4,30
key3393,6,7,40
key3394,7,11,14
key3395,20,1,28
key3396,9,5,10
key3397,5,28,2
key3398,19,2,9
key3399,17,22,9
key3400,10,14,10
key3401,19,23,28
key3402,4,23,15
key3403,18,24,18
key3404,20,10,38
key3405,2,2,2
key3406,5,7,29
key3407,9,27,32
key3408,14,12,8
key3409,16,22,9
key3410,13,20,2
key3411,10,24,6
key3412,14,11,25
key3413,8,1,27
key3414,5,18,28
key3415,9,11,14
key3416,6,3,4
key3417,3,15,24
key3418,5,17,27
key3419,17,0,22
key3420,16,1,37
key3421,3,26,39
key3422,10,13,31
key3423,9,23,33
key3424,2,16,8
key3425,16,6,25
key3426,8,5,5
key3427,11,30,11
key3428,13,26,22
key3429,20,11,13
key3430,14,4,9
key3431,7,23,1
key3432,17,12,34
key3433,13,6,15
key3434,15,2,3
key3435,20,29,1
key3436,14,9,30
key3437,10,0,3
key3438,15,30,34
key3439,8,8,31
key3440,12,23,36
key3441,19,3,3
key3442,18,24,9
key3443,1,22,37
key3444,11,23,11
key3445,20,19,12
key3446,11,22,28
key3447,13,8,36
key3448,7,26,30
key3449,3,3,3
key3450,8,24,25
key3451,19,8,13
key3452,4,8,26
key3453,10,23,2
key3454,1,13,23
key3455,15,7,3
key3456,8,10,8
key3457,10,15,35
key3458,4,13,25
key3459,19,23,1
key3460,3,25,7
key3461,15,21,13
key3462,13,4,34
key3463,0,4,4
key3464,7,3,30
key3465,13,12,29
key3466,11,22,7
key3467,4,7,15
key3468,19,11,20
key3469,0,19,38
key3470,12,15,6
key3471,3,20,26
key3472,9,5,6
key3473,1,12,18
key3474,4,21,7
key3475,6,1,12
key3476,19,13,29
key3477,4,25,11
key3478,7,18,4
key3479,10,5,8
key3480,19,20,5
key3481,10,2,10
key3482,10,22,29
key3483,18,13,29
key3484,6,21,2
key3485,3,8,30
key3486,6,15,37
key3487,17,9,35
key3488,1,28,6
key3489,3,26,2
key3490,15,4,11
key3491,15,5,14
key3492,6,24,19
key3493,2,21,22
key3494,10,15,7
key3495,13,14,2
key3496,7,2,13
key3497,12,10,19
key3498,11,3,11
key3499,4,9,6
key3500,10,19,35
key3501,6,25,20
key3502,7,29,23
key3503,19,25,23
key3504,0,29,2
key3505,3,15,27
key3506,5,11,4
key3507,3,4,18
key3508,9,26,12
key3509,4,1,2
key3510,13,6,28
key3511,2,20,11
key3512,1,15,20
key3513,10,17,4
key3514,10,27,17
key3515,16,2,11
key3516,18,1,39
key3517,19,23,19
key3518,1,22,11
key3519,12,22,23
key3520,11,17,19
key3521,12,12,1
key3522,7,19,37
key3523,10,30,24
key3524,14,3,13
key3525,13,9,11
key3526,15,19,6
key3527,14,22,2
key3528,15,15,28
key3529,8,3,31
key3530,6,2,24
key3531,4,4,10
key3532,14,17,33
key3533,17,0,17
key3534,8,12,34
key3535,8,17,12
key3536,5,26,36
key3537,4,13,33
key3538,6,21,0
key3539,18,19,29
key3540,20,26,12
key3541,12,19,30
key3542,12,22,21
key3543,17,9,34
key3544,17,8,7
key3545,9,6,0
key3546,18,26,4
key3547,8,8,27
key3548,1,19,15
key3549,5,28,32
key3550,14,2,20
key3551,13,8,1
key3552,5,25,14
key3553,6,20,5
key3554,6,17,30
key3555,10,25,21
key3556,2,18,39
key3557,13,27,16
key3558,0,23,9
key3559,9,10,39
key3560,7,24,17
key3561,15,7,15
key3562,18,23,23
key3563,11,21,13
key3564,10,26,8
key3565,10,24,7
key3566,2,24,17
key3567,20,9,9
key3568,6,1,2
key3569,5,8,19
key3570,7,12,12
key3571,12,2,12
key3572,16,25,25
key3573,5,16,26
key3574,14,5,4
key3575,16,0,19
key3576,14,5,32
key3577,9,25,12
key3578,18,17,28
key3579,0,24,18
key3580,15,27,28
key3581,6,26,25
key3582,4,1,11
key3583,8,1,32
key3584,17,17,35
key3585,8,25,15
key3586,1,20,23
key3587,10,18,25
key3588,11,29,14
key3589,2,16,18
key3590,11,12,29
key3591,18,18,26
key3592,2,19,2
key3593,5,1,6
key3594,20,26,10
key3595,13,17,2
key3596,1,23,36
key3597,2,16,8
key3598,14,14,2
key3599,8,22,17
key3600,8,22,21
key3601,1,3,1
key3602,6,15,30
key3603,8,13,15
key3604,17,29,34
key3605,19,2,21
key3606,10,9,18
key3607,19,29,37
key3608,7,10,32
key3609,18,6,25
key3610,8,12,30
key3611,8,9,37
key3612,11,26,36
key3613,16,9,10
key3614,17,16,2
key3615,18,15,1
key3616,11,22,7
key3617,3,6,38
key3618,19,16,34
key3619,13,26,26
key3620,16,24,35
key3621,13,25,12
key3622,6,17,22
key3623,15,21,33
key3624,6,19,6
key3625,1,16,34
key3626,6,22,22
key3627,8,12,34
key3628,6,25,18
key3629,16,10,31
key3630,12,7,14
key3631,1,23,22
key3632,6,16,33
key3633,2,14,22
key3634,8,0,10
key3635,17,10,3
key3636,2,22,28
key3637,4,1,21
key3638,5,27,0
key3639,15,12,34
key3640,17,9,16
key3641,17,23,24
key3642,6,1,3
key3643,7,12,19
key3644,9,11,4
key3645,5,5,3
key3646,5,11,11
key3647,15,23,36
key3648,13,10,34
key3649,18,2,9
key3650,14,10,3
key3651,2,0,2
key3652,19,16,11
key3653,11,10,25
key3654,10,25,2
key3655,8,10,24
key3656,6,24,30
key3657,19,23,10
key3658,9,30,30
key3659,13,20,20
key3660,17,19,12
key3661,3,8,8
key3662,7,9,35
key3663,19,2,0
key3664,17,13,5
key3665,0,26,27
key3666,3,6,7
key3667,4,15,1
key3668,18,19,20
key3669,10,13,18
key3670,6,19,15
key3671,19,8,23
key3672,6,20,24
key3673,4,14,22
key3674,12,23,12
key3675,3,26,8
key3676,18,21,20
key3677,18,1,27
key3678,11,13,29
key3679,6,4,4
key3680,9,29,39
key3681,3,19,14
key3682,3,7,10
key3683,2,12,28
key3684,14,17,21
key3685,16,6,6
key3686,18,16,36
key3687,7,27,36
key3688,9,18,29
key3689,2,0,2
key3690,13,16,14
key3691,18,11,11
key3692,18,14,7
key3693,15,17,12
key3694,6,29,39
key3695,3,6,39
key3696,7,7,4
key3697,19,22,36
key3698,6,19,29
key3699,0,2,24
key3700,3,26,30
key3701,2,20,0
key3702,4,20,6
key3703,16,17,5
key3704,5,1,30
key3705,14,12,18
key3706,4,10,36
key3707,8,17,38
key3708,2,8,39
key3709,18,2,37
key3710,19,18,38
key3711,16,18,10
key3712,20,24,23
key3713,18,29,30
key3714,17,1,19
key3715,4,5,38
key3716,18,15,37
key3717,17,21,37
key3718,11,3,18
key3719,7,9,18
key3720,12,4,27
key3721,16,26,25
key3722,13,4,17
key3723,14,17,16
key3724,20,27,40
key3725,1,9,24
key3726,16,13,37
key3727,13,3,22
key3728,5,14,37
key3729,10,23,8
key3730,12,1,11
key3731,20,18,22
key3732,14,23,6
key3733,7,17,27
key3734,10,23,26
key3735,19,24,33
key3736,6,23,15
key3737,16,22,6
key3738,18,28,20
key3739,2,24,23
key3740,9,29,28
key3741,16,11,2
key3742,1,28,28
key3743,18,8,21
key3744,15,7,17
key3745,15,12,22
key3746,10,23,37
key3747,2,29,7
key3748,3,12,27
key3749,4,5,13
key3750,14,24,10
key3751,11,21,10
key3752,1,9,31
key3753,16,29,35
key3754,9,19,29
key3755,13,6,18
key3756,15,21,27
key3757,17,9,8
key3758,9,24,22
key3759,1,13,27
key3760,7,28,23
key3761,19,26,14
key3762,1,30,6
key3763,5,0,23
key3764,18,18,33
key3765,9,4,9
key3766,19,14,4
key3767,13,11,15
key3768,3,28,34
key3769,9,7,38
key3770,6,12,10
key3771,18,5,15
key3772,16,5,14
key3773,16,25,24
key3774,15,19,18
key3775,4,14,31
key3776,9,8,25
key3777,8,21,31
key3778,2,9,33
key3779,19,25,21
key3780,0,17,22
key3781,20,5,37
key3782,8,19,29
key3783,18,13,38
key3784,1,26,13
key3785,9,27,2
key3786,11,1,5
key3787,13,10,4
key3788,8,29,21
key3789,4,11,17
key3790,18,28,29
key3791,16,22,34
key3792,16,18,24
key3793,20,12,3
key3794,11,21,26
key3795,14,8,35
key3796,20,29,14
key3797,6,27,19
key3798,10,20,39
key3799,4,29,31
key3800,3,22,38
key3801,15,3,12
key3802,8,18,28
key3803,8,19,20
key3804,11,12,3
key3805,3,29,24
key3806,17,3,2
key3807,4,18,18
key3808,4,18,35
key3809,0,2,1
key3810,5,13,31
key3811,13,3,8
key3812,3,4,33
key3813,13,21,35
key3814,3,30,33
key3815,7,28,25
key3816,9,17,12
key3817,3,7,6
key3818,13,15,9
key3819,19,9,24
key3820,15,6,17
key3821,0,19,20
key3822,11,11,6
key3823,9,22,33
key3824,3,8,3
key3825,20,3,25
key3826,16,0,30
key3827,17,0,17
key3828,9,6,5
key3829,5,14,26
key3830,13,3,6
key3831,5,5,29
key3832,2,16,15
key3833,2,18,18
key3834,11,2,15
key3835,12,14,25
key3836,2,20,26
key3837,15,9,26
key3838,3,3,1
key3839,4,7,16
key3840,7,3,0
key3841,11,8,10
key3842,4,10,11
key3843,13,11,20
key3844,8,19,18
key3845,12,24,25
key3846,10,3,10
key3847,19,2,8
key3848,3,19,18
key3849,9,25,29
key3850,12,25,8
key3851,4,10,30
key3852,8,29,27
key3853,18,28,7
key3854,4,3,3
key3855,16,29,5
key3856,4,20,23
key3857,10,2,32
key3858,20,21,1
key3859,9,22,36
key3860,1,8,38
key3861,12,16,21
key3862,10,30,7
key3863,20,12,21
key3864,11,2,23
key3865,17,12,31
key3866,3,27,13
key3867,2,22,31
key3868,9,13,12
key3869,4,17,35
key3870,16,13,31
key3871,7,23,14
key3872,15,8,30
key3873,5,21,23
key3874,1,14,22
key3875,16,6,4
key3876,2,13,23
key3877,18,6,9
key3878,7,29,32
key3879,11,16,5
key3880,17,19,22
key3881,17,27,18
key3882,18,15,13
key3883,16,23,7
key3884,12,21,32
key3885,11,6,32
key3886,9,22,26
key3887,13,18,7
key3888,11,29,1
key3889,9,22,13
key3890,9,25,25
key3891,11,17,22
key3892,6,13,8
key3893,15,21,22
key3894,1,10,23
key3895,18,17,22
key3896,2,18,30
key3897,2,11,11
key3898,7,5,26
key3899,12,26,15
key3900,19,28,10
key3901,2,1,22
key3902,16,9,14
key3903,2,6,12
key3904,4,25,20
key3905,5,6,9
key3906,11,21,33
key3907,19,6,24
key3908,15,18,2
key3909,15,8,14
key3910,2,26,34
key3911,0,9,25
key3912,15,8,6
key3913,5,14,24
key3914,5,8,18
key3915,9,4,37
key3916,11,3,32
key3917,9,0,12
key3918,19,29,5
key3919,19,18,3
key3920,20,6,7
key3921,11,22,22
key3922,15,27,24
key3923,12,1,39
key3924,7,22,22
key3925,11,17,25
key3926,1,2,32
key3927,4,26,1
key3928,19,25,12
key3929,8,6,12
key3930,13,30,39
key3931,12,12,5
key3932,3,16,26
key3933,3,27,13
key3934,19,27,16
key3935,9,14,29
key3936,20,28,22
key3937,8,29,26
key3938,14,0,21
key3939,4,12,5
key3940,9,3,36
key3941,8,13,9
key3942,1,25,21
key3943,5,18,30
key3944,18,20,11
key3945,2,24,23
key3946,0,28,26
key3947,11,2,26
key3948,10,5,22
key3949,20,12,14
key3950,19,18,31
key3951,11,14,4
key3952,15,29,35
key3953,0,22,25
key3954,12,8,26
key3955,5,19,37
key3956,19,30,30
key3957,19,14,29
key3958,15,14,21
key3959,10,18,32
key3960,15,11,10
key3961,6,6,29
key3962,8,16,17
key3963,3,24,30
key3964,18,21,35
key3965,6,25,0
key3966,6,2,7
key3967,8,13,40
key3968,7,17,11
key3969,1,1,35
key3970,7,28,5
key3971,0,9,13
key3972,15,18,17
key3973,5,14,34
key3974,17,6,27
key3975,10,18,12
key3976,2,0,27
key3977,1,8,17
key3978,0,7,35
key3979,15,13,7
key3980,1,11,15
key3981,16,0,17
key3982,20,29,33
key3983,0,24,27
key3984,19,5,12
key3985,20,6,17
key3986,4,5,23
key3987,13,8,33
key3988,7,14,18
key3989,17,24,23
key3990,18,24,18
key3991,4,25,6
key3992,10,1,30
key3993,12,8,33
key3994,3,21,6
key3995,9,27,3
key3996,18,6,2
key3997,6,8,16
key3998,13,17,3
key3999,17,4,37
key4000,20,12,14
key4001,8,28,38
key4002,6,7,15
key4003,4,17,31
key4004,3,5,29
key4005,3,29,33
key4006,11,27,32
key4007,15,2,16
key4008,17,27,21
key4009,19,10,11
key4010,4,12,11
key4011,5,1,35
key4012,3,6,21
key4013,1,18,4
key4014,7,17,9
key4015,15,2,27
key4016,19,29,10
key4017,19,15,27
key4018,11,16,16
key4019,11,25,10
key4020,8,22,10
key4021,19,21,31
key4022,12,23,10
key4023,3,18,29
key4024,14,8,29
key4025,0,25,14
key4026,10,7,29
key4027,6,13,9
key4028,3,23,28
key4029,4,23,27
key4030,15,13,28
key4031,3,9,0
key4032,6,23,15
key4033,20,6,25
key4034,2,19,29
key4035,16,10,30
key4036,4,11,24
key4037,15,4,15
key4038,16,22,18
key4039,18,7,12
key4040,16,13,35
key4041,3,10,34
key4042,4,2,0
key4043,3,8,1
key4044,8,10,28
key4045,18,12,22
key4046,15,20,30
key4047,2,4,28
key4048,12,3,34
key4049,0,27,18
key4050,9,11,17
key4051,1,22,36
key4052,13,20,32
key4053,8,11,28
key4054,18,29,31
key4055,5,5,34
key4056,16,22,9
key4057,4,14,25
key4058,8,4,37
key4059,8,3,23
key4060,14,27,21
key4061,8,6,18
key4062,14,15,36
key4063,8,13,28
key4064,17,24,20
key4065,13,27,9
key4066,11,9,14
key4067,1,8,38
key4068,15,30,24
key4069,16,21,35
key4070,8,5,31
key4071,4,15,22
key4072,4,16,33
key4073,15,22,1
key4074,3,5,37
key4075,10,30,27
key4076,3,4,18
key4077,17,19,15
key4078,16,2,14
key4079,4,20,27
key4080,14,20,23
key4081,6,12,13
key4082,5,18,11
key4083,9,26,20
key4084,14,19,24
key4085,18,12,20
key4086,9,6,32
key4087,4,27,24
key4088,5,1,13
key4089,2,6,21
key4090,12,22,16
key4091,12,13,27
key4092,0,2,40
key4093,16,6,16
key4094,9,4,27
key4095,4,1,21
key4096,2,19,36
key4097,18,14,27
key4098,7,9,33
key4099,17,2,1
key4100,19,24,17
key4101,15,11,10
key4102,5,13,10
key4103,12,30,32
key4104,19,16,25
key4105,10,17,38
key4106,13,6,34
key4107,9,17,34
key4108,10,14,31
key4109,1,19,40
key4110,14,27,30
key4111,7,20,36
key4112,9,24,32
key4113,15,15,20
key4114,5,29,23
key4115,4,28,33
key4116,18,22,29
key4117,2,12,27
key4118,8,15,28
key4119,2,6,18
key4120,10,5,37
key4121,11,5,37
key4122,7,4,7
key4123,19,14,37
key4124,1,15,4
key4125,2,25,28
key4126,16,9,4
key4127,10,26,21
key4128,11,28,16
key4129,1,17,8
key4130,16,2,21
key4131,16,1,20
key4132,3,3,6
key4133,6,12,20
key4134,3,7,38
key4135,6,10,5
key4136,1,19,31
key4137,7,24,8
key4138,10,10,30
key4139,10,29,19
key4140,10,17,12
key4141,9,8,1
key4142,6,7,30
key4143,12,14,37
key4144,11,5,2
key4145,6,24,7
key4146,15,16,31
key4147,1,11,38
key4148,6,10,18
key4149,6,22,29
key4150,8,2,5
key4151,11,26,14
key4152,20,3,33
key4153,8,24,15
key4154,15,17,35
key4155,4,2,3
key4156,10,20,2
key4157,14,4,32
key4158,16,26,37
key4159,12,30,1
key4160,13,2,6
key4161,3,14,23
key4162,3,28,4
key4163,19,6,31
key4164,20,19,1
key4165,8,10,2
key4166,16,13,38
key4167,19,3,38
key4168,5,28,30
key4169,17,7,15
key4170,18,21,15
key4171,20,17,24
key4172,13,22,38
key4173,4,4,11
key4174,10,19,24
key4175,15,8,34
key4176,14,1,23
key4177,2,7,27
key4178,1,15,18
key4179,12,16,12
key4180,15,17,11
key4181,3,6,21
key4182,4,18,12
key4183,16,30,20
key4184,7,16,35
key4185,17,4,15
key4186,15,27,9
key4187,7,4,2
key4188,14,11,23
key4189,14,4,38
key4190,8,16,24
key4191,2,21,7
key4192,4,21,23
key4193,12,4,3
key4194,18,27,8
key4195,20,2,26
key4196,18,2,18
key4197,14,2,30
key4198,20,19,8
key4199,0,22,27
key4200,7,20,37
key4201,1,13,17
key4202,3,24,32
key4203,11,28,27
key4204,15,25,11
key4205,13,3,20
key4206,1,2,22
key4207,15,3,18
key4208,5,22,16
key4209,0,3,31
key4210,8,24,7
key4211,1,4,34
key4212,16,4,19
key4213,13,22,19
key4214,1,10,27
key4215,8,19,28
key4216,6,2,25
key4217,12,1,32
key4218,17,21,35
key4219,7,0,16
key4220,7,22,23
key4221,2,12,15
key4222,13,4,28
key4223,1,30,7
key4224,2,11,29
key4225,12,25,6
key4226,16,8,22
key4227,1,25,26
key4228,13,12,21
key4229,12,29,39
key4230,0,2,28
key4231,11,22,10
key4232,12,15,4
key4233,4,17,9
key4234,0,13,29
key4235,8,13,23
key4236,18,26,20
key4237,15,23,27
key4238,16,8,10
key4239,17,22,20
key4240,16,5,33
key4241,17,22,11
key4242,20,24,35
key4243,18,25,11
key4244,3,25,17
key4245,17,21,34
key4246,11,14,40
key4247,7,9,34
key4248,12,11,23
key4249,14,7,12
key4250,14,10,5
key4251,7,4,24
key4252,13,3,16
key4253,7,14,22
key4254,10,30,32
key4255,18,16,28
key4256,7,19,36
key4257,5,26,22
key4258,17,4,13
key4259,13,22,29
key4260,16,17,16
key4261,12,8,36
key4262,3,20,30
key4263,17,16,19
key4264,14,3,37
key4265,13,1,15
key4266,9,20,10
key4267,12,3,34
key4268,10,8,39
key4269,9,16,19
key4270,6,3,8
key4271,7,16,38
key4272,0,14,34
key4273,10,13,10
key4274,8,7,30
key4275,5,12,27
key4276,17,19,10
key4277,1,22,0
key4278,14,9,11
key4279,15,14,24
key4280,14,12,31
key4281,17,18,22
key4282,12,18,28
key4283,0,20,9
key4284,10,4,4
key4285,1,13,21
key4286,1,21,6
key4287,7,18,33
key4288,13,19,28
key4289,16,28,31
key4290,18,5,34
key4291,7,18,23
key4292,13,17,22
key4293,17,13,33
key4294,10,20,2
key4295,16,10,11
key4296,13,19,27
key4297,20,12,11
key4298,5,22,19
key4299,13,30,28
key4300,11,29,20
key4301,14,29,28
key4302,11,8,19
key4303,16,15,21
key4304,13,3,17
key4305,8,14,28
key4306,4,27,10
key4307,13,29,25
key4308,9,19,37
key4309,5,24,29
key4310,7,29,31
key4311,7,1,28
key4312,6,29,2
key4313,4,2,7
key4314,17,15,22
key4315,5,6,17
key4316,17,23,28
key4317,19,12,16
key4318,13,26,16
key4319,11,27,24
key4320,12,21,24
key4321,18,11,30
key4322,9,15,8
key4323,15,7,3
key4324,6,15,39
key4325,14,14,27
key4326,13,27,9
key4327,6,23,3
key4328,20,20,6
key4329,5,18,23
key4330,14,29,9
key4331,17,19,8
key4332,14,10,21
key4333,10,7,21
key4334,5,26,4
key4335,2,15,15
key4336,5,12,10
key4337,0,7,29
key4338,10,12,17
key4339,8,14,37
key4340,11,25,37
key4341,17,14,4
key4342,13,3,19
key4343,11,2,10
key4344,10,27,33
key4345,13,25,36
key4346,15,23,34
key4347,15,26,29
key4348,19,18,11
key4349,0,28,7
key4350,13,9,37
key4351,6,23,6
key4352,6,8,4
key4353,11,13,34
key4354,9,12,14
key4355,1,29,15
key4356,12,14,22
key4357,3,7,18
key4358,14,9,36
key4359,10,15,25
key4360,20,4,9
key4361,8,4,2
key4362,4,19,35
key4363,9,11,6
key4364,11,21,25
key4365,18,10,16
key4366,16,9,12
key4367,5,25,19
key4368,17,22,2
key4369,11,14,39
key4370,10,10,27
key4371,11,9,4
key4372,17,5,26
key4373,19,2,18
key4374,8,0,25
key4375,16,23,33
key4376,11,11,4
key4377,2,8,2
key4378,19,6,37
key4379,2,20,8
key4380,2,11,27
key4381,19,13,15
key4382,17,27,19
key4383,14,21,35
key4384,20,8,33
key4385,14,0,39
key4386,18,19,16
key4387,17,14,6
key4388,9,12,16
key4389,2,13,2
key4390,6,20,34
key4391,18,24,16
key4392,1,13,16
key4393,17,22,9
key4394,3,17,4
key4395,6,15,16
key4396,3,14,34
key4397,3,23,20
key4398,19,11,1
key4399,2,18,29
key4400,14,25,28
key4401,17,13,35
key4402,18,4,35
key4403,13,15,24
key4404,4,13,26
key4405,17,16,23
key4406,20,5,24
key4407,1,19,26
key4408,5,29,31
key4409,7,14,2
key4410,16,13,27
key4411,20,25,11
key4412,0,22,29
key4413,9,2,13
key4414,1,5,32
key4415,13,23,9
key4416,13,14,13
key4417,15,5,16
key4418,3,2,16
key4419,2,14,19
key4420,19,6,16
key4421,13,21,14
key4422,16,1,5
key4423,3,15,18
key4424,11,26,35
key4425,16,4,1
key4426,12,14,17
key4427,8,3,16
key4428,14,28,26
key4429,8,21,14
key4430,10,9,40
key4431,7,24,17
key4432,7,14,26
key4433,13,6,32
key4434,14,3,26
key4435,20,7,24
key4436,14,6,18
key4437,14,7,23
key4438,19,28,21
key4439,3,3,36
key4440,9,27,8
key4441,13,7,26
key4442,18,29,24
key4443,19,28,0
key4444,10,24,36
key4445,4,22,36
key4446,15,9,12
key4447,17,24,31
key4448,4,0,12
key4449,8,21,21
key4450,8,26,24
key4451,9,3,8
key4452,12,23,18
key4453,8,9,20
key4454,16,8,27
key4455,11,18,3
key4456,11,2,37
key4457,20,27,15
key4458,14,9,7
key4459,12,24,24
key4460,11,6,40
key4461,6,20,20
key4462,15,18,4
key4463,3,6,14
key4464,10,10,13
key4465,7,13,6
key4466,5,7,19
key4467,5,28,34
key4468,4,12,34
key4469,13,15,15
key4470,9,17,23
key4471,20,19,29
key4472,18,19,25
key4473,15,8,2
key4474,20,5,12
key4475,20,18,11
key4476,3,24,7
key4477,4,8,29
key4478,18,28,5
key4479,9,1,30
key4480,7,28,33
key4481,6,26,40
key4482,4,6,2
key4483,13,5,25
key4484,17,4,1
key4485,11,14,4
key4486,11,19,37
key4487,1,14,21
key4488,19,12,25
key4489,11,10,33
key4490,14,15,28
key4491,13,18,34
key4492,5,6,39
key4493,15,30,15
key4494,2,22,36
key4495,4,18,3
key4496,9,27,20
key4497,19,14,5
key4498,15,10,31
key4499,3,15,7
key4500,9,20,33
key4501,3,25,23
key4502,15,25,12
key4503,11,24,2
key4504,18,25,39
key4505,12,7,3
key4506,17,29,4
key4507,17,1,34
key4508,11,9,22
key4509,1,28,22
key4510,19,15,7
key4511,11,11,39
key4512,6,12,8
key4513,20,8,11
key4514,16,7,12
key4515,20,11,19
key4516,0,23,23
key4517,19,27,39
key4518,10,9,3
key4519,6,1,23
key4520,1,24,26
key4521,12,1,3
key4522,2,16,5
key4523,4,13,17
key4524,5,4,35
key4525,3,1,36
key4526,4,1,14
key4527,19,15,39
key4528,12,30,13
key4529,16,27,30
key4530,11,19,17
key4531,19,0,34
key4532,17,6,6
key4533,4,28,39
key4534,19,9,12
key4535,16,20,31
key4536,19,11,34
key4537,10,16,20
key4538,14,27,2
key4539,2,8,33
key4540,15,27,26
key4541,18,14,38
key4542,1,9,31
key4543,7,8,17
key4544,11,15,16
key4545,12,6,18
key4546,18,27,23
key4547,16,10,28
key4548,11,7,3
key4549,1,26,13
key4550,7,16,30
key4551,7,4,33
key4552,12,7,28
key4553,1,23,14
key4554,19,1,35
key4555,2,29,12
key4556,14,16,19
key4557,5,10,35
key4558,7,19,26
key4559,4,27,39
key4560,10,7,4
key4561,1,22,34
key4562,10,5,38
key4563,17,7,35
key4564,13,27,11
key4565,4,8,4
key4566,18,29,37
key4567,9,22,11
key4568,18,3,31
key4569,9,6,34
key4570,13,22,14
key4571,7,15,3
key4572,12,25,29
key4573,4,4,29
key4574,1,17,35
key4575,1,7,39
key4576,11,28,21
key4577,9,23,36
key4578,1,23,1
key4579,13,0,19
key4580,7,22,14
key4581,3,24,31
key4582,2,29,19
key4583,13,11,36
key4584,6,28,30
key4585,19,19,23
key4586,2,5,7
key4587,6,0,21
key4588,13,20,1
key4589,6,21,12
key4590,5,23,37
key4591,13,29,6
key4592,19,12,13
key4593,16,8,11
key4594,6,16,25
key4595,12,25,14
key4596,17,19,7
key4597,10,15,23
key4598,18,16,21
key4599,12,0,35
key4600,2,2,21
key4601,3,16,36
key4602,1,7,30
key4603,4,5,40
key4604,7,13,8
key4605,17,29,36
key4606,10,2,37
key4607,5,29,22
key4608,6,3,29
key4609,16,25,23
key4610,13,2,13
key4611,12,13,14
key4612,4,17,21
key4613,5,19,39
key4614,14,4,38
key4615,15,18,12
key4616,11,26,21
key4617,1,7,3
key4618,4,19,19
key4619,12,7,34
key4620,13,11,7
key4621,15,23,38
key4622,13,8,22
key4623,9,30,28
key4624,14,19,15
key4625,12,9,18
key4626,7,7,15
key4627,13,27,29
key4628,14,3,5
key4629,13,4,40
key4630,6,20,16
key4631,15,13,39
key4632,16,12,11
key4633,18,24,28
key4634,10,16,37
key4635,3,12,23
key4636,1,26,6
key4637,18,14,26
key4638,13,11,15
key4639,15,9,19
key4640,15,22,18
key4641,1,6,27
key4642,9,4,4
key4643,5,7,19
key4644,4,13,25
key4645,10,24,21
key4646,19,8,24
key4647,19,3,24
key4648,7,29,25
key4649,11,17,29
key4650,3,10,28
key4651,16,24,36
key4652,8,1,6
key4653,9,20,37
key4654,2,4,8
key4655,2,6,22
key4656,14,2,33
key4657,14,3,22
key4658,13,11,39
key4659,18,17,3
key4660,2,24,24
key4661,6,2,29
key4662,14,22,25
key4663,18,7,39
key4664,6,3,5
key4665,4,23,18
key4666,17,20,2
key4667,2,16,35
key4668,10,20,17
key4669,11,20,11
key4670,9,13,28
key4671,6,15,18
key4672,19,23,19
key4673,9,18,11
key4674,12,14,10
key4675,4,12,37
key4676,11,4,6
key4677,0,19,7
key4678,2,10,32
key4679,15,16,34
key4680,17,21,24
key4681,6,23,36
key4682,18,11,35
key4683,3,16,8
key4684,2,25,33
key4685,14,22,37
key4686,13,3,12
key4687,8,19,21
key4688,5,19,26
key4689,6,10,35
key4690,4,11,24
key4691,6,1,3
key4692,13,11,34
key4693,13,25,34
key4694,13,9,27
key4695,17,24,0
key4696,14,17,21
key4697,10,8,8
key4698,16,30,33
key4699,3,11,1
key4700,11,14,38
key4701,6,5,21
key4702,3,10,9
key4703,18,28,24
key4704,7,8,3
key4705,6,15,22
key4706,10,17,21
key4707,3,14,17
key4708,11,1,4
key4709,7,18,22
key4710,10,1,17
key4711,1,21,9
key4712,18,11,25
key4713,2,3,24
key4714,7,7,21
key4715,11,10,15
key4716,8,7,23
key4717,4,26,22
key4718,8,21,33
key4719,0,0,20
key4720,10,7,33
key4721,5,24,15
key4722,17,5,37
key4723,18,26,14
key4724,18,13,10
key4725,9,11,9
key4726,16,22,39
key4727,12,4,6
key4728,16,1,14
key4729,8,28,6
key4730,10,18,11
key4731,1,5,32
key4732,7,9,30
key4733,7,23,17
key4734,8,19,35
key4735,1,26,38
key4736,1,1,6
key4737,20,3,38
key4738,3,10,30
key4739,14,10,16
key4740,17,22,35
key4741,0,18,7
key4742,19,11,31
key4743,3,26,10
key4744,17,5,20
key4745,14,17,37
key4746,5,23,2
key4747,7,3,25
key4748,14,25,13
key4749,12,7,27
key4750,14,16,10
key4751,12,8,32
key4752,15,18,31
key4753,5,25,34
key4754,7,3,29
key4755,7,14,16
key4756,17,26,33
key4757,16,13,23
key4758,19,18,34
key4759,2,10,19
key4760,16,22,19
key4761,2,27,11
key4762,18,10,24
key4763,1,9,18
key4764,1,25,32
key4765,16,9,35
key4766,6,9,18
key4767,16,17,22
key4768,4,26,33
key4769,10,18,17
key4770,6,30,11
key4771,8,9,34
key4772,1,16,23
key4773,6,28,30
key4774,18,7,28
key4775,9,18,7
key4776,5,16,34
key4777,12,9,11
key4778,6,1,18
key4779,4,0,20
key4780,16,13,16
key4781,13,18,5
key4782,0,4,13
key4783,5,0,1
key4784,8,1,20
key4785,3,16,38
key4786,15,7,23
key4787,20,29,8
key4788,15,13,33
key4789,15,1,8
key4790,9,9,7
key4791,12,9,3
key4792,6,16,28
key4793,13,26,31
key4794,18,18,2
key4795,17,28,17
key4796,12,20,39
key4797,5,1,40
key4798,1,3,13
key4799,2,1,19
key4800,14,16,1
key4801,7,10,19
key4802,17,25,6
key4803,7,17,9
key4804,8,24,25
key4805,13,3,13
key4806,9,24,1
key4807,11,17,30
key4808,6,8,17
key4809,3,12,0
key4810,5,21,4
key4811,15,9,27
key4812,17,19,25
key4813,2,7,33
key4814,20,7,29
key4815,12,17,5
key4816,14,22,16
key4817,9,22,23
key4818,17,14,15
key4819,5,26,31
key4820,17,19,13
key4821,3,7,33
key4822,11,6,22
key4823,17,24,18
key4824,5,21,5
key4825,19,4,16
key4826,13,26,38
key4827,7,25,23
key4828,15,26,29
key4829,3,23,7
key4830,15,23,3
key4831,18,21,5
key4832,12,28,31
key4833,19,27,11
key4834,12,8,13
key4835,4,28,14
key4836,14,17,15
key4837,5,16,16
key4838,5,2,7
key4839,8,21,27
key4840,7,7,8
key4841,17,19,2
key4842,11,1,31
key4843,8,20,35
key4844,17,4,8
key4845,15,3,0
key4846,5,18,40
key4847,2,26,37
key4848,19,30,11
key4849,3,24,1
key4850,17,24,20
key4851,18,9,15
key4852,1,17,40
key4853,4,10,16
key4854,16,10,29
key4855,6,16,31
key4856,20,18,39
key4857,18,30,29
key4858,11,1,4
key4859,8,12,2
key4860,18,21,11
key4861,3,14,26
key4862,3,19,30
key4863,8,6,1
key4864,3,11,17
key4865,14,22,39
key4866,4,20,21
key4867,20,7,23
key4868,13,16,14
key4869,19,18,14
key4870,20,18,32
key4871,7,6,0
key4872,14,30,40
key4873,5,18,26
key4874,3,5,35
key4875,2,11,18
key4876,19,13,26
key4877,13,10,30
key4878,16,8,36
key4879,0,6,32
key4880,8,27,9
key4881,19,17,38
key4882,5,5,3
key4883,5,10,8
key4884,19,18,26
key4885,1,20,7
key4886,11,18,5
key4887,4,14,23
key4888,12,20,18
key4889,17,25,26
key4890,7,24,35
key4891,14,2,10
key4892,5,25,5
key4893,10,8,40
key4894,9,6,15
key4895,9,29,2
key4896,14,2,27
key4897,12,13,15
key4898,16,22,27
key4899,7,29,31
key4900,10,17,15
key4901,4,4,14
key4902,2,22,9
key4903,15,24,34
key4904,12,5,13
key4905,8,29,30
key4906,5,22,24
key4907,5,28,12
key4908,8,6,19
key4909,4,9,6
key4910,7,9,9
key4911,11,3,23
key4912,16,28,9
key4913,20,4,12
key4914,17,6,27
key4915,13,25,4
key4916,1,19,33
key4917,3,3,32
key4918,1,13,27
key4919,17,23,8
key4920,6,13,21
key4921,3,12,22
key4922,18,19,10
key4923,5,21,15
key4924,13,9,10
key4925,2,10,35
key4926,7,29,36
key4927,14,14,18
key4928,7,18,35
key4929,19,14,39
key4930,12,19,19
key4931,5,10,1
key4932,9,27,16
key4933,14,25,33
key4934,3,25,29
key4935,4,30,17
key4936,4,2,29
key4937,17,18,40
key4938,10,16,8
key4939,11,19,35
key4940,16,22,2
key4941,8,13,23
key4942,10,17,7
key4943,13,19,18
key4944,1,13,20
key4945,15,15,10
key4946,2,6,38
key4947,12,0,19
key4948,12,22,9
key4949,17,23,19
key4950,4,14,31
key4951,3,1,32
key4952,10,6,4
key4953,19,9,34
key4954,15,15,2
key4955,13,6,24
key4956,13,19,20
key4957,5,10,29
key4958,6,25,29
key4959,16,6,20
key4960,19,12,20
key4961,19,1,29
key4962,4,0,37
key4963,9,26,10
key4964,6,10,33
key4965,1,23,14
key4966,10,14,38
key4967,6,2,12
key4968,13,26,10
key4969,9,12,13
key4970,11,18,16
key4971,1,17,16
key4972,6,21,21
key4973,11,8,37
key4974,9,8,8
key4975,19,24,9
key4976,14,16,24
key4977,7,26,13
key4978,2,10,35
key4979,2,1,24
key4980,8,13,28
key4981,15,10,15
key4982,15,14,17
key4983,0,18,3
key4984,18,26,2
key4985,18,5,19
key4986,20,0,27
key4987,2,13,33
key4988,10,17,26
key4989,5,24,9
key4990,20,2,17
key4991,6,24,19
key4992,3,22,25
key4993,7,5,35
key4994,8,15,30
key4995,8,15,34
key4996,9,25,30
key4997,2,1,29
key4998,16,20,37
key4999,7,11,6
key5000,15,18,36
