key1,11,11,3
key2,15,6,17
key3,13,29,0
key4,13,11,18
key5,18,1,35
key6,6,2,1
key7,0,0,3
key8,1,17,32
key9,4,5,17
key10,11,11,33
key11,7,13,22
key12,0,23,30
key13,3,17,35
key14,13,9,3
key15,6,3,39
key16,14,26,17
key17,13,5,36
key18,16,22,13
key19,11,8,2
key20,2,20,26
key21,1,5,0
key22,19,13,0
key23,7,13,24
key24,2,14,10
key25,6,20,22
key26,11,12,11
key27,11,22,5
key28,6,22,7
key29,14,17,39
key30,2,1,3
key31,9,29,34
key32,12,26,6
key33,20,24,24
key34,11,9,30
key35,3,30,20
key36,10,5,38
key37,7,9,15
key38,7,13,31
key39,4,26,14
key40,3,19,29
key41,14,14,2
key42,20,16,33
key43,3,2,13
key44,20,19,5
key45,13,25,18
key46,14,22,39
key47,15,2,34
key48,9,21,32
key49,16,11,33
key50,17,21,35
key51,4,2,37
key52,12,24,1
key53,15,6,10
key54,20,5,12
key55,8,22,34
key56,6,2,16
key57,9,10,30
key58,3,6,15
key59,6,0,7
key60,7,28,8
key61,19,16,26
key62,17,18,1
key63,11,1,9
key64,5,25,22
key65,14,7,9
key66,9,9,26
key67,5,29,13
key68,13,4,5
key69,1,17,19
key70,16,4,35
key71,16,29,35
key72,14,8,16
key73,14,19,27
key74,15,0,0
key75,9,26,15
key76,17,4,22
key77,11,24,0
key78,20,21,17
key79,19,15,0
key80,6,26,20
key81,6,26,10
key82,1,18,10
key83,9,2,18
key84,18,21,13
key85,18,5,14
key86,3,28,19
key87,15,22,13
key88,14,24,37
key89,4,18,21
key90,4,5,21
key91,12,18,10
key92,16,11,28
key93,8,25,4
key94,3,29,35
key95,16,19,38
key96,9,20,20
key97,16,19,36
key98,3,26,15
key99,9,12,0
key100,9,29,29
key101,2,22,6
key102,18,4,20
key103,20,23,24
key104,6,25,26
key105,5,28,2
key106,17,12,38
key107,15,22,27
key108,10,11,2
key109,14,16,7
key110,19,10,32
key111,17,21,17
key112,7,22,8
key113,7,2,7
key114,6,13,7
key115,7,28,2
key116,11,16,12
key117,12,9,25
key118,0,19,29
key119,9,9,4
key120,14,24,23
key121,16,17,19
key122,2,24,6
key123,14,1,34
key124,10,3,19
key125,19,3,39
key126,15,13,10
key127,17,13,17
key128,1,12,36
key129,18,18,39
key130,12,22,2
key131,7,7,25
key132,4,24,37
key133,17,3,28
key134,7,15,32
key135,2,25,23
key136,10,8,24
key137,13,2,39
key138,0,8,8
key139,10,13,36
key140,16,2,30
key141,12,7,33
key142,8,14,7
key143,1,25,33
key144,17,9,14
key145,2,28,20
key146,17,7,11
key147,16,24,28
key148,7,10,13
key149,4,12,28
key150,13,12,34
key151,6,25,5
key152,16,23,5
key153,14,12,31
key154,6,6,35
key155,2,24,2
key156,1,21,1
key157,20,13,31
key158,10,17,12
key159,12,2,14
key160,9,26,38
key161,14,12,7
key162,3,23,14
key163,3,8,24
key164,6,22,2
key165,10,29,16
key166,7,15,17
key167,10,17,38
key168,5,22,10
key169,11,22,13
key170,17,29,2
key171,1,21,18
key172,5,12,27
key173,5,10,17
key174,5,14,11
key175,8,1,29
key176,13,18,5
key177,7,22,1
key178,5,14,36
key179,0,16,34
key180,7,19,21
key181,13,2,16
key182,1,4,23
key183,9,12,7
key184,18,29,11
key185,9,21,7
key186,5,7,21
key187,2,17,12
key188,16,3,39
key189,13,11,24
key190,18,24,35
key191,9,14,5
key192,0,23,19
key193,1,15,33
key194,10,3,29
key195,9,14,29
key196,3,3,34
key197,18,22,39
key198,17,16,31
key199,15,25,20
key200,4,29,18
key201,19,29,11
key202,16,26,4
key203,17,3,25
key204,11,8,28
key205,8,11,15
key206,11,10,16
key207,15,13,10
key208,6,9,38
key209,4,28,27
key210,6,12,20
key211,15,11,3
key212,12,2,21
key213,15,5,33
key214,7,23,12
key215,13,2,21
key216,5,5,5
key217,11,10,18
key218,7,14,0
key219,14,20,13
key220,13,26,23
key221,17,1,7
key222,9,30,40
key223,6,18,28
key224,8,5,23
key225,19,25,9
key226,17,10,37
key227,18,1,33
key228,7,15,33
key229,6,27,12
key230,11,29,13
key231,3,17,10
key232,10,22,32
key233,15,28,20
key234,3,5,15
key235,17,26,20
key236,9,13,23
key237,5,20,5
key238,9,19,0
key239,1,12,2
key240,1,15,38
key241,15,30,21
key242,16,14,15
key243,15,20,33
key244,10,22,8
key245,5,29,38
key246,11,12,25
key247,2,21,39
key248,2,23,32
key249,6,26,34
key250,6,13,37
key251,9,29,19
key252,5,10,20
key253,11,29,23
key254,0,12,16
key255,1,26,6
key256,10,21,34
key257,5,10,29
key258,6,4,2
key259,3,30,33
key260,17,0,34
key261,5,15,12
key262,9,18,7
key263,5,6,23
key264,14,22,12
key265,17,9,9
key266,9,3,22
key267,3,5,31
key268,20,26,26
key269,4,3,25
key270,10,18,38
key271,9,8,13
key272,7,18,30
key273,13,17,26
key274,6,6,7
key275,18,4,20
key276,19,16,13
key277,9,27,27
key278,1,26,37
key279,20,21,36
key280,5,27,25
key281,7,17,30
key282,19,29,25
key283,9,9,15
key284,0,2,16
key285,6,1,16
key286,1,22,24
key287,14,18,20
key288,7,22,20
key289,2,16,30
key290,4,7,32
key291,5,28,38
key292,8,8,6
key293,9,18,28
key294,9,23,11
key295,1,24,28
key296,0,16,6
key297,1,0,5
key298,12,6,8
key299,6,0,26
key300,14,7,30
key301,17,16,34
key302,8,26,7
key303,2,4,29
key304,19,28,0
key305,9,14,3
key306,1,26,19
key307,9,6,30
key308,15,3,13
key309,10,9,37
key310,7,22,21
key311,7,6,30
key312,8,10,3
key313,9,6,33
key314,14,18,7
key315,6,16,33
key316,19,13,22
key317,11,11,39
key318,3,8,34
key319,3,25,13
key320,20,22,35
key321,11,24,22
key322,8,15,6
key323,7,29,1
key324,5,2,32
key325,11,12,34
key326,12,27,34
key327,19,8,6
key328,2,23,18
key329,12,21,15
key330,8,1,38
key331,13,14,1
key332,19,18,20
key333,14,26,11
key334,4,24,37
key335,14,4,23
key336,12,16,25
key337,20,8,19
key338,9,24,22
key339,20,3,11
key340,10,14,34
key341,19,20,29
key342,13,18,35
key343,17,15,12
key344,9,18,22
key345,3,13,9
key346,13,16,8
key347,15,16,4
key348,18,4,38
key349,16,22,21
key350,10,4,10
key351,13,30,21
key352,3,24,5
key353,3,11,23
key354,11,21,36
key355,18,9,31
key356,8,25,38
key357,14,22,24
key358,0,20,12
key359,3,0,16
key360,9,18,33
key361,13,27,33
key362,6,23,17
key363,15,4,39
key364,18,12,30
key365,1,12,36
key366,4,20,30
key367,5,13,18
key368,12,10,9
key369,5,15,23
key370,4,15,31
key371,16,15,1
key372,13,13,14
key373,13,17,38
key374,5,10,35
key375,6,2,1
key376,3,24,23
key377,17,21,15
key378,3,7,16
key379,5,12,29
key380,18,15,0
key381,6,13,32
key382,11,24,9
key383,7,6,28
key384,6,21,19
key385,14,11,7
key386,13,7,20
key387,15,23,18
key388,18,4,14
key389,17,4,29
key390,9,0,2
key391,17,22,21
key392,6,28,25
key393,4,27,8
key394,11,3,28
key395,14,11,17
key396,12,27,28
key397,0,24,26
key398,15,8,25
key399,8,22,36
key400,6,5,37
key401,7,10,24
key402,1,5,20
key403,3,24,8
key404,5,29,15
key405,9,11,1
key406,8,18,36
key407,7,19,9
key408,7,2,28
key409,16,1,31
key410,19,18,16
key411,2,11,5
key412,1,4,29
key413,20,7,6
key414,3,19,34
key415,6,11,31
key416,6,6,21
key417,2,19,8
key418,12,16,29
key419,16,24,18
key420,1,5,12
key421,8,0,38
key422,18,13,12
key423,9,18,7
key424,13,4,31
key425,19,16,23
key426,10,14,15
key427,4,21,28
key428,7,13,37
key429,14,25,28
key430,15,14,34
key431,7,2,31
key432,10,28,5
key433,6,19,8
key434,5,23,12
key435,19,16,30
key436,1,21,18
key437,13,28,37
key438,8,14,13
key439,13,12,39
key440,2,18,15
key441,13,28,31
key442,5,24,39
key443,17,15,23
key444,19,7,14
key445,12,5,36
key446,12,16,20
key447,16,21,18
key448,4,21,16
key449,13,14,2
key450,8,23,21
key451,15,1,15
key452,14,17,18
key453,7,16,39
key454,13,10,34
key455,11,8,29
key456,20,7,26
key457,7,20,27
key458,12,23,24
key459,16,6,6
key460,13,18,13
key461,13,23,21
key462,17,26,18
key463,6,8,21
key464,1,4,4
key465,2,30,30
key466,10,22,28
key467,8,17,39
key468,6,25,7
key469,2,24,12
key470,19,23,31
key471,18,26,31
key472,1,5,36
key473,5,19,21
key474,8,17,18
key475,3,29,10
key476,9,7,15
key477,2,0,10
key478,5,17,35
key479,9,24,33
key480,1,26,25
key481,14,1,1
key482,19,24,30
key483,10,8,16
key484,12,13,31
key485,7,15,2
key486,20,25,29
key487,6,8,26
key488,1,4,22
key489,3,7,14
key490,16,3,17
key491,16,20,2
key492,10,7,8
key493,14,7,14
key494,9,19,35
key495,18,22,5
key496,14,20,29
key497,0,30,13
key498,11,25,15
key499,10,23,35
key500,17,6,24
key501,11,0,24
key502,10,21,40
key503,1,11,18
key504,18,16,7
key505,19,2,1
key506,1,4,18
key507,13,16,23
key508,13,11,36
key509,8,6,6
key510,10,12,14
key511,14,24,31
key512,0,5,26
key513,18,14,10
key514,15,8,22
key515,8,17,21
key516,14,4,30
key517,12,8,32
key518,2,16,8
key519,13,29,30
key520,16,29,39
key521,2,0,39
key522,15,19,20
key523,15,10,31
key524,6,17,39
key525,11,5,9
key526,1,7,9
key527,11,8,10
key528,8,27,38
key529,7,18,27
key530,8,22,31
key531,5,11,29
key532,4,5,13
key533,5,29,18
key534,13,15,35
key535,4,8,1
key536,11,4,20
key537,19,25,5
key538,7,7,18
key539,16,2,6
key540,6,25,12
key541,5,6,5
key542,2,14,11
key543,5,4,25
key544,5,2,25
key545,17,17,9
key546,3,21,11
key547,16,28,8
key548,6,14,37
key549,16,4,3
key550,16,6,6
key551,9,10,37
key552,18,26,7
key553,10,4,37
key554,4,16,30
key555,4,18,24
key556,12,4,25
key557,3,10,13
key558,4,22,12
key559,15,19,15
key560,1,6,1
key561,9,17,22
key562,0,9,6
key563,16,16,19
key564,3,21,6
key565,11,19,21
key566,5,17,38
key567,15,27,16
key568,1,21,31
key569,9,28,11
key570,5,4,35
key571,15,21,33
key572,12,10,12
key573,6,11,6
key574,16,10,17
key575,3,4,2
key576,12,9,17
key577,8,11,31
key578,13,30,32
key579,6,15,27
key580,4,10,32
key581,20,21,9
key582,12,16,37
key583,19,25,16
key584,12,22,35
key585,9,29,1
key586,12,13,27
key587,8,21,36
key588,20,26,18
key589,13,29,20
key590,1,13,38
key591,4,21,25
key592,13,22,23
key593,8,25,31
key594,1,12,29
key595,5,5,10
key596,14,4,21
key597,5,21,37
key598,4,4,20
key599,2,11,27
key600,18,15,36
key601,14,26,9
key602,7,5,17
key603,11,14,29
key604,4,3,22
key605,18,7,27
key606,6,5,16
key607,1,11,39
key608,8,26,1
key609,10,29,7
key610,3,8,32
key611,7,14,17
key612,15,6,17
key613,8,14,30
key614,6,21,11
key615,16,26,5
key616,3,26,21
key617,1,3,32
key618,6,28,32
key619,8,18,7
key620,9,12,2
key621,0,9,19
key622,3,9,24
key623,6,3,4
key624,5,30,21
key625,9,22,19
key626,17,25,10
key627,3,4,15
key628,19,7,9
key629,16,18,5
key630,12,18,17
key631,4,27,21
key632,8,14,2
key633,3,21,34
key634,16,4,34
key635,8,6,9
key636,9,30,34
key637,1,16,14
key638,17,11,14
key639,18,8,7
key640,11,20,38
key641,11,19,7
key642,11,2,39
key643,13,13,13
key644,9,28,7
key645,18,26,3
key646,17,7,40
key647,1,26,40
key648,6,11,29
key649,3,2,8
key650,13,28,20
key651,12,12,28
key652,4,4,9
key653,11,5,35
key654,15,19,6
key655,4,8,8
key656,11,22,37
key657,16,14,6
key658,11,28,33
key659,6,16,13
key660,2,21,15
key661,11,13,21
key662,10,21,14
key663,15,30,5
key664,3,11,5
key665,12,26,36
key666,17,7,15
key667,5,25,35
key668,14,20,9
key669,10,18,7
key670,0,6,19
key671,2,8,35
key672,3,27,14
key673,19,30,29
key674,8,10,14
key675,8,13,3
key676,8,15,3
key677,9,1,12
key678,11,18,33
key679,16,29,18
key680,2,28,9
key681,19,27,20
key682,4,26,1
key683,14,15,34
key684,2,13,34
key685,5,18,2
key686,3,14,33
key687,17,5,16
key688,20,16,10
key689,3,5,36
key690,6,2,16
key691,3,23,37
key692,6,26,34
key693,12,12,32
key694,3,25,21
key695,3,18,4
key696,12,27,12
key697,11,24,31
key698,6,26,3
key699,7,25,15
key700,0,4,38
key701,11,8,4
key702,7,10,29
key703,7,28,33
key704,16,13,10
key705,9,27,39
key706,16,22,21
key707,12,24,33
key708,20,11,9
key709,11,10,10
key710,10,29,28
key711,5,10,13
key712,11,18,8
key713,17,3,6
key714,20,6,2
key715,19,24,23
key716,18,3,21
key717,5,14,9
key718,6,4,26
key719,20,25,15
key720,12,21,5
key721,11,15,28
key722,0,10,19
key723,18,2,0
key724,14,14,34
key725,13,9,31
key726,8,12,22
key727,10,1,12
key728,12,2,28
key729,16,1,35
key730,6,23,19
key731,2,29,7
key732,1,29,28
key733,9,25,40
key734,11,13,35
key735,16,18,21
key736,8,11,24
key737,6,7,26
key738,11,26,6
key739,19,14,31
key740,18,14,11
key741,16,14,31
key742,15,12,21
key743,3,7,4
key744,12,9,7
key745,18,14,36
key746,16,6,9
key747,5,1,19
key748,7,1,21
key749,16,26,9
key750,16,11,23
key751,17,19,24
key752,16,0,18
key753,7,26,18
key754,8,15,20
key755,15,26,12
key756,17,19,1
key757,18,30,7
key758,19,14,2
key759,10,15,9
key760,1,1,17
key761,10,16,26
key762,9,17,25
key763,18,15,14
key764,19,21,14
key765,1,2,24
key766,18,2,28
key767,16,12,6
key768,17,13,34
key769,16,24,26
key770,3,15,13
key771,1,0,35
key772,7,15,6
key773,6,20,2
key774,4,23,6
key775,16,23,18
key776,9,23,4
key777,9,8,5
key778,10,20,15
key779,4,25,24
key780,6,18,17
key781,18,24,21
key782,17,23,29
key783,13,23,20
key784,13,3,32
key785,5,23,10
key786,20,23,7
key787,11,9,11
key788,17,24,33
key789,5,22,12
key790,2,29,36
key791,16,23,21
key792,6,13,8
key793,17,22,4
key794,10,23,30
key795,3,23,26
key796,14,21,20
key797,17,17,31
key798,4,24,21
key799,19,21,26
key800,4,17,16
key801,19,17,39
key802,8,17,28
key803,1,19,11
key804,18,1,1
key805,19,8,10
key806,4,29,18
key807,5,27,0
key808,12,13,24
key809,20,20,21
key810,3,12,6
key811,5,20,13
key812,11,5,23
key813,9,5,5
key814,9,1,30
key815,15,22,10
key816,16,29,38
key817,16,14,10
key818,15,5,2
key819,18,5,17
key820,8,5,2
key821,10,25,11
key822,8,15,24
key823,12,9,12
key824,19,28,0
key825,0,14,27
key826,9,12,7
key827,5,1,23
key828,16,6,29
key829,3,15,25
key830,12,6,15
key831,18,22,34
key832,15,19,30
key833,9,9,36
key834,11,17,38
key835,10,10,31
key836,20,13,18
key837,18,18,27
key838,1,4,33
key839,12,16,11
key840,19,10,6
key841,13,6,9
key842,18,22,12
key843,13,29,39
key844,17,17,32
key845,20,20,32
key846,3,28,5
key847,12,12,36
key848,16,28,39
key849,7,3,33
key850,11,9,6
key851,9,4,31
key852,13,29,39
key853,18,22,12
key854,14,11,5
key855,19,8,4
key856,8,10,1
key857,17,26,40
key858,8,18,32
key859,6,5,5
key860,16,25,16
key861,9,20,33
key862,0,26,3
key863,14,20,38
key864,2,22,23
key865,3,16,37
key866,18,21,14
key867,4,30,28
key868,6,30,30
key869,18,7,21
key870,11,17,23
key871,18,8,1
key872,17,3,27
key873,9,12,17
key874,12,13,27
key875,8,18,19
key876,3,7,35
key877,4,6,37
key878,6,30,33
key879,9,12,15
key880,0,23,36
key881,10,5,1
key882,6,15,39
key883,7,22,10
key884,3,5,29
key885,4,25,32
key886,11,7,27
key887,10,7,16
key888,9,7,4
key889,4,15,3
key890,19,28,0
key891,18,23,14
key892,9,22,1
key893,10,6,9
key894,6,24,2
key895,2,22,7
key896,1,6,13
key897,11,13,12
key898,16,23,24
key899,8,22,4
key900,3,18,30
key901,19,13,33
key902,14,26,23
key903,0,7,19
key904,1,21,19
key905,12,21,18
key906,14,12,38
key907,6,18,12
key908,6,18,32
key909,4,25,10
key910,5,21,6
key911,18,25,8
key912,17,13,4
key913,9,28,23
key914,6,24,6
key915,17,15,38
key916,8,7,38
key917,10,10,26
key918,2,6,28
key919,10,28,27
key920,3,24,22
key921,0,20,34
key922,1,2,4
key923,12,19,39
key924,14,27,20
key925,10,15,10
key926,14,25,5
key927,7,11,32
key928,12,2,6
key929,13,8,2
key930,10,19,14
key931,19,18,21
key932,14,14,31
key933,14,13,37
key934,5,11,21
key935,7,13,26
key936,14,28,28
key937,19,20,10
key938,15,27,15
key939,7,1,16
key940,0,7,33
key941,16,6,3
key942,7,17,36
key943,18,21,12
key944,5,27,20
key945,18,18,23
key946,12,29,31
key947,14,19,24
key948,13,9,10
key949,19,23,7
key950,12,6,8
key951,13,26,39
key952,0,20,25
key953,4,11,8
key954,1,1,13
key955,13,7,5
key956,19,7,24
key957,13,19,4
key958,2,14,19
key959,6,30,6
key960,10,11,30
key961,15,8,35
key962,4,26,16
key963,13,20,32
key964,1,5,32
key965,20,14,39
key966,3,2,36
key967,9,19,16
key968,12,5,27
key969,8,21,36
key970,19,26,6
key971,12,28,23
key972,1,26,22
key973,10,6,2
key974,16,22,38
key975,9,30,29
key976,5,8,4
key977,5,13,17
key978,18,27,16
key979,16,27,37
key980,13,9,30
key981,17,16,23
key982,18,1,18
key983,16,19,4
key984,10,17,39
key985,18,28,9
key986,15,25,30
key987,13,21,4
key988,9,15,18
key989,7,18,12
key990,16,12,7
key991,10,7,5
key992,0,16,34
key993,14,24,22
key994,7,5,13
key995,4,10,34
key996,14,29,13
key997,8,29,21
key998,7,21,22
key999,2,12,14
key1000,10,2,40
key1001,18,0,3
key1002,4,2,22
key1003,16,8,23
key1004,9,21,1
key1005,17,10,36
key1006,3,15,37
key1007,2,13,24
key1008,11,19,33
key1009,14,13,39
key1010,17,3,18
key1011,5,3,10
key1012,5,6,27
key1013,19,26,30
key1014,19,7,31
key1015,15,25,12
key1016,10,2,10
key1017,0,3,23
key1018,15,4,27
key1019,13,17,37
key1020,6,4,33
key1021,8,16,14
key1022,3,23,12
key1023,19,23,29
key1024,12,13,20
key1025,20,21,13
key1026,17,2,36
key1027,13,25,7
key1028,12,28,5
key1029,15,4,5
key1030,15,29,5
key1031,1,6,4
key1032,11,11,37
key1033,2,3,6
key1034,18,6,9
key1035,17,24,24
key1036,18,1,3
key1037,19,14,3
key1038,13,16,3
key1039,14,22,3
key1040,17,14,33
key1041,1,10,34
key1042,6,22,19
key1043,10,1,19
key1044,11,8,2
key1045,16,22,5
key1046,17,12,36
key1047,9,20,4
key1048,19,7,22
key1049,14,24,3
key1050,14,22,14
key1051,6,9,16
key1052,18,3,31
key1053,5,9,25
key1054,14,28,4
key1055,3,8,23
key1056,10,26,13
key1057,17,25,22
key1058,13,5,34
key1059,9,21,10
key1060,10,9,39
key1061,17,16,7
key1062,13,2,12
key1063,16,1,24
key1064,7,29,26
key1065,13,23,35
key1066,14,19,32
key1067,17,1,36
key1068,6,7,25
key1069,4,3,21
key1070,4,27,39
key1071,19,23,15
key1072,14,14,7
key1073,4,8,39
key1074,3,28,23
key1075,12,27,27
key1076,20,9,22
key1077,17,1,19
key1078,6,6,22
key1079,20,17,23
key1080,18,26,16
key1081,1,2,2
key1082,5,8,19
key1083,3,14,22
key1084,14,1,2
key1085,5,3,20
key1086,1,1,39
key1087,18,22,35
key1088,17,23,21
key1089,5,7,12
key1090,4,8,10
key1091,10,20,5
key1092,2,1,26
key1093,5,2,12
key1094,7,8,26
key1095,8,28,29
key1096,13,18,9
key1097,8,6,31
key1098,4,17,28
key1099,6,16,24
key1100,16,9,6
key1101,9,22,39
key1102,18,22,16
key1103,10,16,12
key1104,10,9,18
key1105,18,25,10
key1106,10,8,17
key1107,16,9,10
key1108,18,12,5
key1109,2,28,31
key1110,8,25,23
key1111,12,24,10
key1112,15,10,18
key1113,1,9,5
key1114,7,4,36
key1115,18,24,39
key1116,9,21,30
key1117,2,2,25
key1118,13,25,21
key1119,18,2,15
key1120,8,27,14
key1121,18,3,6
key1122,13,8,23
key1123,2,27,0
key1124,19,23,13
key1125,5,30,17
key1126,9,3,35
key1127,0,1,26
key1128,4,8,22
key1129,14,25,9
key1130,17,1,24
key1131,1,12,40
key1132,5,0,5
key1133,10,11,1
key1134,9,28,27
key1135,3,19,26
key1136,13,15,8
key1137,9,9,39
key1138,13,8,31
key1139,15,6,1
key1140,9,19,25
key1141,1,14,10
key1142,18,13,32
key1143,5,25,5
key1144,8,9,23
key1145,14,8,38
key1146,0,26,35
key1147,4,27,26
key1148,3,3,2
key1149,12,10,38
key1150,10,12,33
key1151,7,26,38
key1152,11,30,38
key1153,10,2,8
key1154,3,2,36
key1155,7,6,10
key1156,18,26,23
key1157,6,27,16
key1158,1,24,20
key1159,10,26,8
key1160,14,19,28
key1161,6,20,9
key1162,2,2,6
key1163,2,29,4
key1164,4,4,29
key1165,19,11,1
key1166,5,14,15
key1167,10,18,29
key1168,18,10,5
key1169,3,19,6
key1170,18,12,20
key1171,15,25,33
key1172,12,4,28
key1173,7,12,40
key1174,18,8,32
key1175,1,22,4
key1176,5,21,4
key1177,11,19,5
key1178,14,2,0
key1179,10,3,40
key1180,7,4,7
key1181,10,12,24
key1182,14,7,21
key1183,13,25,33
key1184,16,14,36
key1185,15,27,10
key1186,16,22,34
key1187,13,24,12
key1188,15,25,28
key1189,6,6,35
key1190,6,26,22
key1191,11,18,17
key1192,18,30,16
key1193,10,9,27
key1194,18,4,14
key1195,1,16,9
key1196,17,17,8
key1197,14,25,6
key1198,18,2,20
key1199,12,3,38
key1200,11,18,21
key1201,9,5,12
key1202,1,29,4
key1203,2,16,2
key1204,4,17,19
key1205,6,27,26
key1206,8,17,36
key1207,15,19,18
key1208,3,13,2
key1209,5,8,11
key1210,7,13,28
key1211,5,18,26
key1212,12,28,29
key1213,13,24,20
key1214,14,28,10
key1215,7,19,20
key1216,8,5,12
key1217,4,10,17
key1218,15,8,27
key1219,3,13,27
key1220,2,8,34
key1221,15,1,35
key1222,18,0,26
key1223,15,12,30
key1224,18,6,5
key1225,19,18,37
key1226,0,26,15
key1227,4,4,12
key1228,9,10,27
key1229,4,3,29
key1230,11,25,32
key1231,5,14,23
key1232,14,20,22
key1233,2,23,35
key1234,10,24,6
key1235,9,18,11
key1236,8,5,29
key1237,14,7,38
key1238,5,21,6
key1239,19,2,12
key1240,14,21,7
key1241,9,4,38
key1242,13,17,21
key1243,2,25,38
key1244,13,13,28
key1245,5,10,27
key1246,18,16,38
key1247,1,4,20
key1248,4,22,23
key1249,20,13,39
key1250,5,20,33
key1251,4,6,37
key1252,10,3,3
key1253,5,8,26
key1254,6,19,21
key1255,4,14,26
key1256,10,15,21
key1257,18,4,15
key1258,4,7,9
key1259,4,24,36
key1260,18,8,8
key1261,17,5,18
key1262,12,15,9
key1263,13,3,2
key1264,2,20,6
key1265,5,26,3
key1266,4,6,2
key1267,17,22,37
key1268,4,1,21
key1269,0,30,10
key1270,14,3,15
key1271,13,17,8
key1272,3,29,22
key1273,11,18,15
key1274,18,28,34
key1275,13,23,2
key1276,7,18,3
key1277,6,7,31
key1278,11,5,14
key1279,15,4,13
key1280,4,20,40
key1281,12,18,2
key1282,5,13,10
key1283,16,11,38
key1284,17,27,28
key1285,15,6,8
key1286,1,21,25
key1287,12,26,8
key1288,2,3,18
key1289,0,22,16
key1290,2,2,1
key1291,0,25,6
key1292,12,17,39
key1293,7,25,25
key1294,19,21,6
key1295,6,7,8
key1296,9,11,32
key1297,18,3,11
key1298,11,4,22
key1299,4,2,7
key1300,13,22,18
key1301,8,1,39
key1302,3,14,4
key1303,4,21,36
key1304,17,11,7
key1305,13,26,9
key1306,4,2,25
key1307,10,12,20
key1308,12,10,18
key1309,8,4,4
key1310,11,16,25
key1311,10,8,7
key1312,1,24,14
key1313,19,13,33
key1314,10,26,24
key1315,17,27,36
key1316,6,11,9
key1317,12,12,27
key1318,10,26,6
key1319,5,17,28
key1320,1,7,22
key1321,15,16,26
key1322,15,0,14
key1323,14,27,33
key1324,5,9,6
key1325,10,23,40
key1326,1,18,38
key1327,5,12,3
key1328,18,11,30
key1329,15,6,33
key1330,7,4,3
key1331,8,22,15
key1332,9,12,17
key1333,10,24,11
key1334,2,11,1
key1335,10,1,1
key1336,1,28,18
key1337,14,18,39
key1338,2,18,20
key1339,13,11,14
key1340,14,4,3
key1341,13,21,18
key1342,1,7,30
key1343,14,23,11
key1344,7,23,35
key1345,11,20,13
key1346,18,26,28
key1347,1,22,20
key1348,12,12,29
key1349,5,24,37
key1350,8,8,10
key1351,7,18,4
key1352,3,25,25
key1353,8,2,16
key1354,4,23,16
key1355,18,3,11
key1356,17,23,35
key1357,7,24,8
key1358,0,18,19
key1359,3,5,39
key1360,20,12,31
key1361,4,10,12
key1362,16,28,1
key1363,17,21,28
key1364,17,24,12
key1365,5,18,16
key1366,5,6,1
key1367,2,25,34
key1368,4,28,14
key1369,6,7,17
key1370,9,19,3
key1371,19,29,11
key1372,11,20,15
key1373,9,19,28
key1374,12,4,14
key1375,1,0,36
key1376,1,28,37
key1377,14,3,27
key1378,3,23,39
key1379,14,29,27
key1380,8,25,21
key1381,13,12,35
key1382,9,8,2
key1383,9,11,19
key1384,14,2,14
key1385,6,14,1
key1386,6,14,39
key1387,12,7,1
key1388,18,27,32
key1389,16,17,15
key1390,13,19,11
key1391,16,21,38
key1392,13,24,13
key1393,3,23,23
key1394,1,1,2
key1395,12,21,34
key1396,13,19,37
key1397,7,10,29
key1398,15,11,25
key1399,8,21,1
key1400,4,10,18
key1401,5,8,26
key1402,1,17,31
key1403,11,29,16
key1404,3,25,15
key1405,20,17,14
key1406,13,17,8
key1407,12,14,2
key1408,0,7,2
key1409,17,20,21
key1410,9,27,39
key1411,11,10,13
key1412,3,27,34
key1413,18,12,6
key1414,12,13,0
key1415,9,30,24
key1416,6,27,2
key1417,5,19,16
key1418,0,1,34
key1419,3,0,4
key1420,18,10,13
key1421,1,24,23
key1422,1,4,27
key1423,0,10,7
key1424,17,20,31
key1425,7,5,35
key1426,10,25,20
key1427,11,1,5
key1428,11,7,13
key1429,7,28,17
key1430,16,17,39
key1431,19,21,22
key1432,4,6,11
key1433,20,8,10
key1434,17,29,8
key1435,18,27,21
key1436,6,23,14
key1437,11,7,20
key1438,13,24,16
key1439,12,15,36
key1440,10,26,36
key1441,19,6,31
key1442,4,22,31
key1443,12,14,21
key1444,0,13,1
key1445,6,27,8
key1446,14,3,16
key1447,7,14,13
key1448,12,19,9
key1449,6,14,8
key1450,14,19,3
key1451,8,15,16
key1452,4,10,5
key1453,7,29,5
key1454,20,19,35
key1455,12,9,10
key1456,11,1,7
key1457,18,13,27
key1458,18,3,19
key1459,13,12,2
key1460,11,24,9
key1461,16,15,1
key1462,6,9,25
key1463,6,16,1
key1464,14,19,3
key1465,4,8,16
key1466,12,15,10
key1467,3,5,29
key1468,13,12,12
key1469,7,2,32
key1470,1,20,12
key1471,3,6,27
key1472,8,22,34
key1473,5,1,24
key1474,1,25,15
key1475,14,11,9
key1476,18,3,31
key1477,7,30,38
key1478,15,1,37
key1479,16,14,3
key1480,6,27,17
key1481,11,21,20
key1482,5,24,9
key1483,7,28,5
key1484,3,14,8
key1485,1,5,10
key1486,14,26,30
key1487,12,11,26
key1488,17,26,13
key1489,0,9,16
key1490,8,29,16
key1491,17,20,34
key1492,4,21,14
key1493,18,29,39
key1494,14,9,2
key1495,15,20,29
key1496,13,17,36
key1497,14,29,33
key1498,1,14,11
key1499,7,9,24
key1500,5,29,5
key1501,16,4,9
key1502,15,18,13
key1503,9,27,24
key1504,3,19,3
key1505,10,30,4
key1506,11,4,20
key1507,3,0,28
key1508,19,28,16
key1509,5,2,20
key1510,0,28,27
key1511,8,22,38
key1512,20,9,2
key1513,11,21,29
key1514,20,5,39
key1515,0,15,10
key1516,19,7,15
key1517,4,20,22
key1518,8,7,22
key1519,19,7,30
key1520,5,6,1
key1521,13,20,9
key1522,9,9,3
key1523,4,14,20
key1524,9,12,37
key1525,16,27,19
key1526,19,20,32
key1527,2,12,4
key1528,18,11,20
key1529,10,16,37
key1530,19,16,35
key1531,14,21,40
key1532,9,11,36
key1533,17,2,10
key1534,8,22,39
key1535,8,1,18
key1536,1,16,14
key1537,4,3,30
key1538,2,8,28
key1539,6,3,15
key1540,12,12,25
key1541,4,21,25
key1542,4,25,17
key1543,5,3,23
key1544,15,10,18
key1545,1,13,17
key1546,18,4,35
key1547,16,2,31
key1548,19,13,21
key1549,17,11,4
key1550,17,13,2
key1551,9,1,1
key1552,8,15,37
key1553,19,14,34
key1554,7,26,16
key1555,13,23,18
key1556,15,21,2
key1557,1,13,15
key1558,14,19,29
key1559,3,20,6
key1560,18,9,9
key1561,9,28,21
key1562,18,30,39
key1563,17,15,21
key1564,17,6,17
key1565,14,16,13
key1566,5,4,2
key1567,2,23,36
key1568,18,3,8
key1569,7,9,31
key1570,14,26,19
key1571,12,28,22
key1572,6,17,33
key1573,7,4,19
key1574,10,6,27
key1575,11,27,31
key1576,13,17,8
key1577,6,19,12
key1578,14,12,24
key1579,4,17,32
key1580,3,6,35
key1581,5,18,25
key1582,1,23,22
key1583,16,23,7
key1584,7,21,39
key1585,3,19,37
key1586,1,13,13
key1587,11,27,0
key1588,3,18,17
key1589,3,17,1
key1590,6,3,22
key1591,20,22,15
key1592,11,5,5
key1593,13,11,24
key1594,14,15,35
key1595,14,6,20
key1596,3,15,11
key1597,16,27,23
key1598,2,5,9
key1599,15,29,20
key1600,18,17,28
key1601,3,12,5
key1602,12,3,19
key1603,13,25,8
key1604,8,18,27
key1605,4,10,32
key1606,10,27,22
key1607,18,16,38
key1608,4,5,32
key1609,13,6,21
key1610,15,14,32
key1611,13,8,5
key1612,9,7,21
key1613,2,24,40
key1614,10,21,4
key1615,16,25,9
key1616,10,6,17
key1617,8,25,26
key1618,13,14,2
key1619,4,13,34
key1620,18,14,11
key1621,1,16,29
key1622,13,3,12
key1623,11,12,15
key1624,19,30,24
key1625,10,10,14
key1626,8,7,5
key1627,8,6,9
key1628,10,9,24
key1629,1,13,24
key1630,9,9,11
key1631,4,14,1
key1632,10,26,30
key1633,17,7,22
key1634,9,11,22
key1635,13,6,24
key1636,15,26,6
key1637,17,18,36
key1638,17,15,23
key1639,11,15,3
key1640,19,7,26
key1641,3,22,5
key1642,1,22,27
key1643,15,17,7
key1644,14,16,1
key1645,9,28,16
key1646,7,0,14
key1647,19,15,1
key1648,18,2,24
key1649,15,10,23
key1650,4,25,29
key1651,8,4,23
key1652,1,14,2
key1653,17,26,34
key1654,14,12,37
key1655,12,12,28
key1656,15,25,13
key1657,11,21,1
key1658,7,13,12
key1659,15,28,29
key1660,3,21,39
key1661,15,24,37
key1662,19,12,18
key1663,2,9,22
key1664,11,4,2
key1665,18,12,30
key1666,9,2,22
key1667,15,26,0
key1668,20,6,5
key1669,16,19,20
key1670,12,13,13
key1671,16,27,7
key1672,4,1,4
key1673,14,12,11
key1674,9,3,5
key1675,14,24,2
key1676,3,15,26
key1677,16,16,25
key1678,2,23,5
key1679,8,18,1
key1680,8,27,35
key1681,2,5,5
key1682,12,16,9
key1683,3,0,20
key1684,20,17,18
key1685,1,9,31
key1686,6,28,3
key1687,5,13,3
key1688,19,28,34
key1689,9,27,8
key1690,15,21,27
key1691,1,15,23
key1692,2,15,28
key1693,15,21,4
key1694,13,26,19
key1695,9,2,10
key1696,12,20,35
key1697,2,14,19
key1698,8,28,37
key1699,16,21,33
key1700,17,25,3
key1701,20,6,13
key1702,3,7,39
key1703,17,10,27
key1704,12,1,5
key1705,18,3,4
key1706,4,22,23
key1707,18,6,22
key1708,19,5,7
key1709,3,22,28
key1710,18,29,40
key1711,15,30,10
key1712,2,12,29
key1713,13,18,27
key1714,5,13,17
key1715,6,14,27
key1716,5,8,5
key1717,12,10,6
key1718,13,3,34
key1719,7,29,5
key1720,5,11,30
key1721,6,20,2
key1722,0,8,31
key1723,6,16,23
key1724,18,6,6
key1725,2,6,13
key1726,1,24,25
key1727,16,26,23
key1728,19,18,40
key1729,2,20,16
key1730,12,1,17
key1731,17,8,3
key1732,12,28,2
key1733,10,8,17
key1734,10,8,12
key1735,9,26,16
key1736,8,18,19
key1737,6,13,13
key1738,5,27,24
key1739,20,12,2
key1740,12,24,32
key1741,15,19,15
key1742,3,27,21
key1743,17,22,18
key1744,10,18,27
key1745,5,10,37
key1746,3,20,18
key1747,11,18,12
key1748,5,21,26
key1749,8,15,25
key1750,16,14,23
key1751,13,26,7
key1752,12,13,2
key1753,2,14,14
key1754,16,29,0
key1755,2,3,19
key1756,9,5,13
key1757,1,4,30
key1758,4,29,17
key1759,1,9,8
key1760,10,4,13
key1761,19,18,21
key1762,11,30,25
key1763,7,6,28
key1764,15,3,5
key1765,20,20,21
key1766,5,24,38
key1767,2,3,25
key1768,12,7,30
key1769,11,7,22
key1770,20,23,33
key1771,8,6,24
key1772,19,17,17
key1773,13,22,15
key1774,15,9,24
key1775,16,7,39
key1776,2,13,10
key1777,6,20,9
key1778,15,8,34
key1779,10,20,21
key1780,12,28,33
key1781,4,22,32
key1782,2,7,7
key1783,13,2,30
key1784,11,4,32
key1785,14,17,30
key1786,18,23,34
key1787,6,25,27
key1788,8,29,14
key1789,8,2,15
key1790,19,9,24
key1791,5,19,6
key1792,0,11,0
key1793,13,20,2
key1794,9,29,11
key1795,11,30,20
key1796,14,14,15
key1797,7,21,2
key1798,10,19,6
key1799,17,7,33
key1800,9,8,38
key1801,2,14,22
key1802,3,14,28
key1803,4,28,28
key1804,1,20,15
key1805,18,11,38
key1806,10,21,17
key1807,9,29,25
key1808,19,8,11
key1809,9,8,26
key1810,10,0,31
key1811,13,6,14
key1812,1,0,4
key1813,15,1,14
key1814,19,0,26
key1815,16,27,4
key1816,0,0,25
key1817,2,2,18
key1818,3,18,16
key1819,9,26,36
key1820,14,1,4
key1821,18,29,36
key1822,20,5,24
key1823,17,29,37
key1824,1,12,27
key1825,9,5,12
key1826,18,17,3
key1827,12,13,14
key1828,4,5,5
key1829,12,4,1
key1830,2,24,36
key1831,15,6,2
key1832,19,3,16
key1833,2,1,35
key1834,1,22,4
key1835,19,24,38
key1836,14,6,4
key1837,9,6,10
key1838,18,21,9
key1839,17,28,11
key1840,8,7,19
key1841,16,23,38
key1842,5,6,31
key1843,9,12,19
key1844,2,29,19
key1845,0,21,7
key1846,17,20,34
key1847,5,9,33
key1848,13,18,23
key1849,18,8,32
key1850,2,2,40
key1851,8,21,29
key1852,9,2,31
key1853,7,0,8
key1854,12,15,18
key1855,16,12,14
key1856,14,3,3
key1857,8,20,17
key1858,6,6,5
key1859,12,1,31
key1860,7,21,37
key1861,3,2,34
key1862,2,22,28
key1863,5,5,11
key1864,7,25,19
key1865,16,9,34
key1866,11,29,24
key1867,4,11,6
key1868,18,8,37
key1869,3,21,17
key1870,3,30,30
key1871,18,4,31
key1872,6,24,19
key1873,1,11,24
key1874,20,5,5
key1875,11,29,12
key1876,10,22,19
key1877,3,9,10
key1878,13,3,7
key1879,16,23,23
key1880,5,14,16
key1881,11,22,38
key1882,12,2,33
key1883,14,12,34
key1884,5,3,20
key1885,7,4,3
key1886,2,9,38
key1887,3,25,29
key1888,16,18,34
key1889,11,13,13
key1890,18,8,32
key1891,10,4,7
key1892,8,8,40
key1893,13,17,21
key1894,17,12,19
key1895,5,22,38
key1896,18,28,2
key1897,7,25,1
key1898,12,2,32
key1899,1,4,8
key1900,17,27,30
key1901,14,1,37
key1902,8,22,5
key1903,5,11,6
key1904,5,13,22
key1905,14,26,37
key1906,5,14,14
key1907,20,14,13
key1908,7,29,21
key1909,11,13,39
key1910,7,8,35
key1911,18,6,24
key1912,17,19,3
key1913,6,8,12
key1914,7,22,10
key1915,13,7,4
key1916,11,14,1
key1917,17,1,23
key1918,15,19,16
key1919,5,17,21
key1920,6,6,27
key1921,15,0,18
key1922,7,30,27
key1923,20,13,8
key1924,19,1,32
key1925,16,17,9
key1926,4,26,11
key1927,11,16,9
key1928,16,25,30
key1929,2,14,26
key1930,5,1,33
key1931,4,10,29
key1932,16,26,26
key1933,9,5,0
key1934,3,1,15
key1935,10,23,39
key1936,20,29,31
key1937,6,14,39
key1938,0,26,2
key1939,10,11,5
key1940,17,7,26
key1941,5,0,14
key1942,10,8,37
key1943,3,0,39
key1944,15,3,32
key1945,14,29,22
key1946,4,25,37
key1947,6,11,19
key1948,8,29,14
key1949,18,26,36
key1950,16,6,1
key1951,13,26,11
key1952,1,27,38
key1953,20,22,18
key1954,10,1,26
key1955,11,23,13
key1956,1,10,17
key1957,17,11,26
key1958,0,4,19
key1959,16,16,5
key1960,12,24,1
key1961,13,30,2
key1962,9,13,5
key1963,19,19,15
key1964,3,19,37
key1965,1,17,37
key1966,13,7,13
key1967,20,8,39
key1968,8,19,5
key1969,14,7,21
key1970,5,19,28
key1971,11,17,34
key1972,7,4,24
key1973,11,30,33
key1974,3,10,18
key1975,18,18,35
key1976,6,8,31
key1977,18,2,10
key1978,2,29,10
key1979,10,5,8
key1980,9,1,27
key1981,1,28,6
key1982,20,8,22
key1983,15,20,30
key1984,2,10,26
key1985,16,20,31
key1986,13,18,19
key1987,4,30,24
key1988,16,1,18
key1989,10,28,24
key1990,5,4,13
key1991,14,9,21
key1992,8,26,14
key1993,5,28,11
key1994,8,1,26
key1995,2,27,40
key1996,10,5,15
key1997,3,27,39
key1998,16,23,17
key1999,7,7,19
key2000,7,21,31
key2001,2,2,5
key2002,18,19,32
key2003,3,18,22
key2004,20,17,16
key2005,4,1,19
key2006,19,14,17
key2007,15,20,1
key2008,8,16,18
key2009,11,25,21
key2010,4,18,23
key2011,6,8,27
key2012,4,17,2
key2013,5,6,37
key2014,16,27,29
key2015,17,6,3
key2016,2,2,25
key2017,14,30,2
key2018,5,12,8
key2019,20,5,29
key2020,12,26,4
key2021,17,29,5
key2022,19,3,39
key2023,5,28,17
key2024,18,1,40
key2025,14,23,35
key2026,9,22,39
key2027,1,20,11
key2028,13,26,22
key2029,10,9,8
key2030,12,5,36
key2031,6,28,2
key2032,6,13,7
key2033,14,18,29
key2034,18,5,28
key2035,12,18,0
key2036,14,8,15
key2037,0,0,39
key2038,20,3,28
key2039,13,15,18
key2040,6,18,29
key2041,3,3,32
key2042,19,29,3
key2043,2,14,16
key2044,5,20,20
key2045,7,26,16
key2046,9,13,3
key2047,2,3,35
key2048,7,27,23
key2049,7,30,5
key2050,14,29,37
key2051,4,7,5
key2052,0,1,15
key2053,8,28,17
key2054,15,6,1
key2055,18,15,3
key2056,8,8,39
key2057,1,0,20
key2058,3,16,24
key2059,16,26,13
key2060,7,13,33
key2061,5,13,10
key2062,2,1,30
key2063,6,21,26
key2064,18,28,19
key2065,14,14,19
key2066,0,23,6
key2067,20,16,25
key2068,17,2,1
key2069,16,21,25
key2070,13,8,5
key2071,16,12,13
key2072,2,15,2
key2073,4,17,6
key2074,2,22,14
key2075,8,21,26
key2076,4,16,5
key2077,13,4,18
key2078,8,1,24
key2079,16,16,34
key2080,2,27,16
key2081,19,6,16
key2082,3,10,23
key2083,14,7,30
key2084,6,0,26
key2085,18,27,17
key2086,16,18,20
key2087,5,29,14
key2088,0,27,22
key2089,7,15,27
key2090,2,11,7
key2091,14,7,12
key2092,5,5,6
key2093,18,23,9
key2094,18,13,37
key2095,14,18,17
key2096,9,12,18
key2097,2,5,39
key2098,2,20,3
key2099,13,28,3
key2100,11,15,9
key2101,2,22,3
key2102,17,20,23
key2103,16,2,32
key2104,18,28,31
key2105,14,29,20
key2106,2,13,36
key2107,5,6,32
key2108,5,7,31
key2109,1,7,8
key2110,2,2,1
key2111,6,22,0
key2112,1,8,36
key2113,11,28,28
key2114,20,2,15
key2115,11,16,16
key2116,16,7,31
key2117,2,29,15
key2118,4,8,9
key2119,12,17,6
key2120,14,15,1
key2121,9,4,22
key2122,13,18,37
key2123,17,7,11
key2124,17,13,15
key2125,10,29,30
key2126,5,16,21
key2127,0,2,22
key2128,5,20,32
key2129,11,6,28
key2130,14,23,21
key2131,3,24,13
key2132,16,13,26
key2133,16,18,38
key2134,12,27,21
key2135,19,12,13
key2136,12,28,36
key2137,12,30,31
key2138,7,14,26
key2139,14,15,24
key2140,2,17,9
key2141,10,21,40
key2142,16,25,7
key2143,3,22,12
key2144,12,6,38
key2145,9,13,13
key2146,7,20,2
key2147,6,7,36
key2148,16,17,19
key2149,17,0,22
key2150,14,29,2
key2151,7,1,9
key2152,10,15,2
key2153,0,1,7
key2154,7,24,17
key2155,17,19,32
key2156,13,17,3
key2157,12,16,3
key2158,9,2,11
key2159,7,27,19
key2160,4,6,16
key2161,17,22,7
key2162,6,6,7
key2163,7,18,33
key2164,10,14,31
key2165,9,7,37
key2166,17,17,29
key2167,11,20,16
key2168,9,0,2
key2169,6,11,0
key2170,7,24,34
key2171,17,9,16
key2172,3,26,23
key2173,7,14,36
key2174,2,11,6
key2175,19,29,35
key2176,1,28,18
key2177,13,24,25
key2178,13,17,15
key2179,5,12,1
key2180,19,26,19
key2181,7,23,36
key2182,7,28,19
key2183,11,1,35
key2184,6,17,37
key2185,0,22,25
key2186,15,24,37
key2187,11,28,3
key2188,3,20,25
key2189,17,8,0
key2190,18,7,33
key2191,4,9,31
key2192,4,13,32
key2193,11,21,14
key2194,1,29,4
key2195,14,5,23
key2196,10,5,22
key2197,12,1,34
key2198,12,7,8
key2199,9,11,1
key2200,0,3,1
key2201,2,26,35
key2202,14,12,25
key2203,5,16,19
key2204,18,2,20
key2205,5,27,2
key2206,14,15,2
key2207,16,8,15
key2208,15,30,26
key2209,4,17,28
key2210,19,17,9
key2211,16,26,2
key2212,8,6,27
key2213,20,12,12
key2214,3,3,21
key2215,10,8,8
key2216,0,30,19
key2217,8,9,39
key2218,10,23,21
key2219,2,11,23
key2220,17,0,16
key2221,8,28,26
key2222,8,1,26
key2223,1,3,35
key2224,3,24,24
key2225,7,2,6
key2226,18,19,4
key2227,8,22,12
key2228,8,11,5
key2229,3,14,27
key2230,15,6,15
key2231,4,24,17
key2232,19,0,10
key2233,10,20,25
key2234,18,27,27
key2235,16,21,26
key2236,15,26,23
key2237,15,6,15
key2238,13,12,20
key2239,5,8,11
key2240,18,18,1
key2241,12,13,28
key2242,4,25,13
key2243,1,1,38
key2244,6,25,6
key2245,6,16,1
key2246,19,25,4
key2247,2,4,31
key2248,6,5,13
key2249,16,20,21
key2250,9,28,17
key2251,15,25,11
key2252,5,4,27
key2253,15,29,35
key2254,4,9,36
key2255,2,20,20
key2256,18,6,23
key2257,1,4,11
key2258,17,29,31
key2259,18,18,35
key2260,2,26,18
key2261,20,4,38
key2262,12,10,15
key2263,13,13,19
key2264,7,17,19
key2265,19,20,30
key2266,2,20,17
key2267,1,4,8
key2268,16,19,31
key2269,4,18,10
key2270,19,11,36
key2271,3,14,14
key2272,11,14,12
key2273,11,23,13
key2274,10,25,35
key2275,15,3,15
key2276,17,9,7
key2277,7,8,23
key2278,14,8,31
key2279,11,1,9
key2280,20,2,27
key2281,15,2,14
key2282,17,11,8
key2283,18,11,14
key2284,16,2,31
key2285,12,7,4
key2286,17,19,19
key2287,8,1,15
key2288,11,25,18
key2289,20,14,22
key2290,4,20,39
key2291,8,2,22
key2292,18,28,33
key2293,19,1,1
key2294,12,17,9
key2295,6,1,23
key2296,11,25,27
key2297,17,17,1
key2298,4,9,8
key2299,14,10,31
key2300,4,8,17
key2301,11,19,19
key2302,2,1,9
key2303,3,24,35
key2304,4,25,35
key2305,12,24,2
key2306,17,15,30
key2307,10,20,39
key2308,10,6,35
key2309,17,7,11
key2310,18,25,8
key2311,14,7,40
key2312,8,4,25
key2313,11,5,18
key2314,0,1,37
key2315,8,20,3
key2316,19,0,24
key2317,16,17,21
key2318,18,13,2
key2319,6,4,20
key2320,1,4,9
key2321,7,7,32
key2322,6,16,19
key2323,6,22,31
key2324,19,29,8
key2325,19,3,19
key2326,5,2,31
key2327,9,19,15
key2328,13,23,15
key2329,19,16,29
key2330,3,29,36
key2331,2,26,13
key2332,3,12,14
key2333,3,26,28
key2334,16,17,34
key2335,1,8,37
key2336,5,28,5
key2337,8,17,35
key2338,9,29,36
key2339,4,5,18
key2340,20,6,10
key2341,9,8,17
key2342,1,11,10
key2343,1,17,3
key2344,13,15,5
key2345,6,30,30
key2346,18,10,13
key2347,8,4,36
key2348,6,23,7
key2349,18,14,8
key2350,19,1,11
key2351,6,25,33
key2352,11,26,21
key2353,9,15,17
key2354,7,4,2
key2355,16,8,26
key2356,17,23,33
key2357,2,1,19
key2358,14,12,4
key2359,16,7,9
key2360,17,8,36
key2361,3,23,34
key2362,7,25,30
key2363,11,26,11
key2364,4,14,27
key2365,1,11,39
key2366,11,12,35
key2367,8,3,10
key2368,1,10,40
key2369,8,22,26
key2370,12,8,20
key2371,17,6,17
key2372,17,23,29
key2373,10,26,6
key2374,10,28,25
key2375,14,0,13
key2376,7,16,26
key2377,4,14,40
key2378,0,23,1
key2379,9,16,39
key2380,15,5,4
key2381,5,21,34
key2382,11,2,12
key2383,16,10,17
key2384,2,3,2
key2385,7,22,20
key2386,13,2,6
key2387,7,3,39
key2388,19,3,24
key2389,3,23,35
key2390,20,27,30
key2391,16,6,28
key2392,11,2,23
key2393,10,7,19
key2394,11,13,25
key2395,8,17,28
key2396,12,26,32
key2397,2,4,10
key2398,18,8,38
key2399,10,21,6
key2400,2,9,39
key2401,19,26,3
key2402,18,13,36
key2403,15,14,40
key2404,6,9,18
key2405,12,8,11
key2406,16,24,25
key2407,1,19,37
key2408,17,14,4
key2409,15,21,14
key2410,10,22,6
key2411,17,19,31
key2412,4,9,33
key2413,10,25,6
key2414,14,28,33
key2415,10,14,8
key2416,8,16,8
key2417,19,8,29
key2418,10,26,27
key2419,10,12,20
key2420,2,9,22
key2421,12,28,31
key2422,12,21,37
key2423,2,23,1
key2424,3,11,31
key2425,6,29,17
key2426,10,25,25
key2427,14,26,6
key2428,1,8,26
key2429,14,16,14
key2430,2,25,18
key2431,2,10,37
key2432,5,13,8
key2433,7,7,1
key2434,17,2,1
key2435,12,6,29
key2436,19,22,18
key2437,16,18,29
key2438,8,11,11
key2439,17,21,20
key2440,9,29,27
key2441,7,21,21
key2442,14,6,28
key2443,19,7,15
key2444,5,22,12
key2445,10,23,33
key2446,13,7,34
key2447,11,25,7
key2448,20,9,13
key2449,19,13,26
key2450,20,27,8
key2451,4,12,35
key2452,19,12,1
key2453,14,22,11
key2454,7,24,11
key2455,13,22,23
key2456,6,13,2
key2457,17,6,31
key2458,10,23,30
key2459,8,24,5
key2460,20,14,39
key2461,16,10,26
key2462,4,1,13
key2463,15,16,22
key2464,15,16,31
key2465,10,12,9
key2466,1,22,16
key2467,2,11,29
key2468,7,29,34
key2469,6,10,1
key2470,4,27,1
key2471,12,21,21
key2472,7,19,13
key2473,14,9,37
key2474,19,10,1
key2475,18,10,23
key2476,13,11,38
key2477,11,21,11
key2478,15,13,31
key2479,3,22,32
key2480,6,22,22
key2481,17,7,0
key2482,19,2,8
key2483,18,17,28
key2484,13,8,17
key2485,9,9,24
key2486,9,5,2
key2487,5,5,36
key2488,1,14,26
key2489,13,8,26
key2490,17,22,15
key2491,7,6,25
key2492,10,23,18
key2493,5,3,3
key2494,11,3,4
key2495,16,17,8
key2496,8,4,18
key2497,10,21,19
key2498,0,7,0
key2499,15,7,1
key2500,10,1,33
key2501,2,19,11
key2502,19,3,1
key2503,16,4,32
key2504,19,5,30
key2505,15,6,10
key2506,9,12,11
key2507,0,27,26
key2508,17,17,29
key2509,4,24,18
key2510,19,20,31
key2511,19,14,22
key2512,7,14,25
key2513,11,4,17
key2514,11,23,6
key2515,13,10,30
key2516,11,1,2
key2517,12,12,2
key2518,18,26,3
key2519,10,5,3
key2520,18,16,36
key2521,8,27,7
key2522,4,14,40
key2523,16,20,18
key2524,14,22,19
key2525,18,18,34
key2526,0,9,35
key2527,4,24,35
key2528,15,15,24
key2529,7,3,3
key2530,5,9,27
key2531,1,16,18
key2532,4,28,6
key2533,17,9,31
key2534,4,3,34
key2535,6,11,22
key2536,5,29,33
key2537,13,20,5
key2538,5,12,9
key2539,15,22,35
key2540,15,3,6
key2541,9,2,27
key2542,2,29,15
key2543,7,20,32
key2544,0,10,18
key2545,19,29,33
key2546,14,25,26
key2547,11,12,12
key2548,16,21,11
key2549,1,27,31
key2550,12,7,35
key2551,8,19,27
key2552,4,26,30
key2553,17,7,31
key2554,18,16,33
key2555,4,2,7
key2556,12,1,38
key2557,14,14,16
key2558,19,1,13
key2559,12,23,6
key2560,14,27,9
key2561,10,25,22
key2562,14,9,32
key2563,3,21,2
key2564,7,14,37
key2565,12,23,28
key2566,3,15,13
key2567,10,17,17
key2568,2,15,16
key2569,8,18,29
key2570,14,23,12
key2571,18,15,4
key2572,10,20,9
key2573,7,5,16
key2574,10,23,19
key2575,20,7,8
key2576,5,23,2
key2577,10,20,35
key2578,5,24,31
key2579,17,9,29
key2580,19,9,1
key2581,15,8,33
key2582,2,8,38
key2583,19,7,26
key2584,18,13,29
key2585,14,16,6
key2586,16,5,24
key2587,9,0,29
key2588,3,22,32
key2589,16,1,7
key2590,1,7,40
key2591,1,4,10
key2592,3,2,32
key2593,16,17,35
key2594,4,18,12
key2595,9,9,29
key2596,14,10,31
key2597,7,8,32
key2598,15,25,6
key2599,7,24,8
key2600,6,25,10
key2601,19,25,39
key2602,9,21,35
key2603,19,6,18
key2604,14,15,40
key2605,4,22,8
key2606,19,11,26
key2607,9,6,2
key2608,0,1,5
key2609,3,18,24
key2610,11,9,15
key2611,6,17,20
key2612,1,19,13
key2613,19,26,24
key2614,10,19,16
key2615,6,13,5
key2616,14,19,19
key2617,9,13,18
key2618,12,7,38
key2619,5,29,11
key2620,15,25,6
key2621,19,26,10
key2622,9,13,38
key2623,14,29,39
key2624,2,19,6
key2625,2,6,17
key2626,8,13,28
key2627,10,24,37
key2628,15,0,32
key2629,6,25,0
key2630,15,16,39
key2631,19,13,10
key2632,1,1,2
key2633,7,2,8
key2634,18,10,24
key2635,6,28,21
key2636,8,23,34
key2637,4,18,32
key2638,12,2,36
key2639,1,19,0
key2640,14,8,34
key2641,7,16,32
key2642,0,13,20
key2643,3,0,39
key2644,16,16,25
key2645,10,16,38
key2646,0,3,4
key2647,19,8,36
key2648,13,1,23
key2649,16,16,14
key2650,11,9,32
key2651,19,22,7
key2652,3,27,14
key2653,17,28,23
key2654,13,20,15
key2655,14,5,21
key2656,13,25,26
key2657,16,8,15
key2658,12,8,27
key2659,12,24,34
key2660,6,24,16
key2661,18,6,11
key2662,15,28,23
key2663,15,8,15
key2664,10,16,40
key2665,8,28,19
key2666,1,14,37
key2667,4,27,31
key2668,16,20,16
key2669,9,22,10
key2670,8,20,18
key2671,12,12,12
key2672,5,28,30
key2673,10,24,11
key2674,6,19,35
key2675,3,21,14
key2676,2,13,38
key2677,5,8,19
key2678,7,9,14
key2679,1,15,15
key2680,18,26,9
key2681,15,3,35
key2682,20,4,29
key2683,12,4,5
key2684,17,27,5
key2685,6,10,18
key2686,20,19,34
key2687,13,20,17
key2688,7,3,20
key2689,15,29,33
key2690,9,16,34
key2691,9,3,5
key2692,14,9,31
key2693,12,18,33
key2694,10,18,11
key2695,15,19,32
key2696,14,9,40
key2697,15,27,25
key2698,7,20,7
key2699,12,26,7
key2700,15,20,0
key2701,19,11,33
key2702,16,22,23
key2703,4,13,20
key2704,19,13,5
key2705,8,13,30
key2706,11,17,1
key2707,17,23,32
key2708,10,4,6
key2709,7,15,15
key2710,19,22,29
key2711,0,16,17
key2712,2,14,35
key2713,5,26,15
key2714,4,30,13
key2715,14,27,17
key2716,4,21,7
key2717,7,15,29
key2718,5,21,26
key2719,3,18,28
key2720,2,11,34
key2721,16,15,36
key2722,5,5,7
key2723,10,24,20
key2724,14,3,20
key2725,2,20,31
key2726,13,17,29
key2727,0,28,40
key2728,16,30,3
key2729,18,24,7
key2730,10,16,27
key2731,0,26,3
key2732,7,30,13
key2733,2,19,23
key2734,2,13,14
key2735,13,4,26
key2736,15,3,17
key2737,12,29,4
key2738,11,17,38
key2739,3,3,25
key2740,2,22,17
key2741,10,20,8
key2742,6,30,29
key2743,14,2,27
key2744,1,16,40
key2745,9,17,32
key2746,3,2,4
key2747,20,7,27
key2748,12,7,30
key2749,1,23,27
key2750,20,8,14
key2751,10,11,14
key2752,10,28,8
key2753,5,10,5
key2754,8,5,18
key2755,6,16,1
key2756,16,28,21
key2757,5,19,22
key2758,3,15,26
key2759,8,29,38
key2760,18,20,26
key2761,18,24,30
key2762,0,20,4
key2763,20,18,28
key2764,11,0,8
key2765,16,2,15
key2766,10,16,29
key2767,12,14,5
key2768,13,5,12
key2769,9,2,18
key2770,3,2,27
key2771,11,25,1
key2772,12,18,13
key2773,10,5,38
key2774,10,3,39
key2775,17,17,3
key2776,8,9,30
key2777,15,18,20
key2778,11,15,31
key2779,5,25,37
key2780,1,17,2
key2781,4,16,35
key2782,15,25,11
key2783,5,2,38
key2784,13,8,28
key2785,16,6,22
key2786,18,1,21
key2787,20,4,1
key2788,9,4,10
key2789,10,8,12
key2790,10,11,29
key2791,20,16,4
key2792,4,15,40
key2793,2,18,35
key2794,19,8,4
key2795,2,29,14
key2796,5,13,25
key2797,14,12,24
key2798,6,17,12
key2799,3,17,9
key2800,7,3,36
key2801,8,9,32
key2802,4,26,31
key2803,2,17,12
key2804,3,18,34
key2805,18,20,21
key2806,6,3,38
key2807,6,0,0
key2808,14,21,24
key2809,18,11,1
key2810,7,2,10
key2811,1,7,38
key2812,18,23,19
key2813,15,13,5
key2814,17,5,34
key2815,15,19,34
key2816,12,6,4
key2817,10,4,7
key2818,4,25,33
key2819,19,22,39
key2820,4,26,36
key2821,19,1,39
key2822,19,28,29
key2823,11,18,30
key2824,9,18,32
key2825,20,25,3
key2826,3,0,18
key2827,2,13,30
key2828,7,7,13
key2829,9,15,32
key2830,2,15,4
key2831,1,19,2
key2832,2,6,31
key2833,7,22,23
key2834,10,15,32
key2835,18,27,27
key2836,4,26,14
key2837,19,25,37
key2838,20,11,11
key2839,4,27,22
key2840,12,24,1
key2841,8,3,24
key2842,14,26,35
key2843,14,25,30
key2844,11,9,39
key2845,3,12,22
key2846,16,17,37
key2847,5,3,32
key2848,16,18,14
key2849,4,29,10
key2850,17,22,4
key2851,4,9,24
key2852,16,16,22
key2853,18,7,37
key2854,7,17,10
key2855,17,21,9
key2856,10,8,21
key2857,19,14,5
key2858,19,12,7
key2859,3,15,14
key2860,13,23,26
key2861,18,17,20
key2862,14,21,14
key2863,4,24,13
key2864,0,25,39
key2865,16,13,17
key2866,4,3,37
key2867,11,28,2
key2868,4,9,24
key2869,12,0,39
key2870,15,25,25
key2871,13,21,25
key2872,6,20,23
key2873,3,19,20
key2874,4,0,13
key2875,17,28,12
key2876,2,6,6
key2877,10,4,35
key2878,8,18,37
key2879,14,9,9
key2880,14,9,22
key2881,15,13,22
key2882,12,15,3
key2883,11,1,22
key2884,12,2,34
key2885,14,13,8
key2886,9,1,24
key2887,5,15,12
key2888,8,3,23
key2889,11,5,8
key2890,20,5,5
key2891,7,15,10
key2892,15,6,14
key2893,17,11,30
key2894,14,6,13
key2895,4,19,20
key2896,16,19,38
key2897,9,22,12
key2898,3,11,39
key2899,12,25,5
key2900,10,9,30
key2901,18,20,2
key2902,6,20,37
key2903,3,13,22
key2904,7,13,35
key2905,1,20,3
key2906,9,22,40
key2907,8,18,13
key2908,5,6,20
key2909,4,6,13
key2910,15,8,17
key2911,17,4,36
key2912,4,28,2
key2913,9,18,27
key2914,6,21,3
key2915,3,13,23
key2916,17,20,40
key2917,4,25,20
key2918,13,24,1
key2919,8,29,36
key2920,13,26,37
key2921,5,4,11
key2922,16,25,7
key2923,16,23,40
key2924,12,5,8
key2925,7,19,14
key2926,14,4,38
key2927,18,3,33
key2928,3,24,22
key2929,11,27,36
key2930,16,26,3
key2931,13,20,37
key2932,11,26,16
key2933,12,16,36
key2934,6,29,6
key2935,4,3,18
key2936,19,29,26
key2937,19,22,38
key2938,9,10,6
key2939,12,11,14
key2940,1,18,18
key2941,14,3,11
key2942,18,21,13
key2943,11,26,23
key2944,16,24,23
key2945,4,12,7
key2946,12,23,34
key2947,13,18,20
key2948,0,29,33
key2949,8,15,18
key2950,7,22,5
key2951,15,17,20
key2952,3,10,8
key2953,12,17,7
key2954,6,27,19
key2955,5,14,27
key2956,20,6,13
key2957,16,26,15
key2958,18,11,30
key2959,14,17,0
key2960,3,19,39
key2961,2,12,17
key2962,11,17,34
key2963,16,5,23
key2964,14,18,37
key2965,15,12,14
key2966,13,1,27
key2967,11,2,39
key2968,6,16,7
key2969,19,17,31
key2970,17,19,34
key2971,7,26,3
key2972,5,1,10
key2973,9,22,27
key2974,10,11,13
key2975,3,10,2
key2976,7,27,20
key2977,19,1,15
key2978,19,27,23
key2979,19,15,39
key2980,2,13,1
key2981,7,14,37
key2982,0,13,0
key2983,12,26,8
key2984,16,24,27
key2985,4,10,12
key2986,2,30,30
key2987,11,0,32
key2988,13,4,14
key2989,12,29,27
key2990,8,5,39
key2991,6,25,22
key2992,18,27,35
key2993,13,2,24
key2994,2,12,26
key2995,19,26,18
key2996,9,12,34
key2997,1,29,7
key2998,14,20,38
key2999,15,1,7
key3000,10,28,27
key3001,10,3,38
key3002,17,26,31
key3003,17,10,14
key3004,14,5,23
key3005,17,22,6
key3006,4,16,6
key3007,16,23,3
key3008,18,29,27
key3009,6,13,9
key3010,12,12,5
key3011,1,13,36
key3012,5,25,33
key3013,19,27,2
key3014,15,20,30
key3015,10,19,15
key3016,12,0,29
key3017,3,18,5
key3018,12,26,32
key3019,9,7,36
key3020,8,0,26
key3021,15,21,7
key3022,15,7,1
key3023,18,10,16
key3024,12,29,37
key3025,19,29,21
key3026,20,17,26
key3027,0,22,3
key3028,3,28,18
key3029,16,24,6
key3030,19,9,26
key3031,7,24,15
key3032,18,29,11
key3033,0,6,26
key3034,3,28,14
key3035,8,26,9
key3036,1,2,7
key3037,7,26,33
key3038,7,14,33
key3039,10,27,8
key3040,17,4,35
key3041,6,6,2
key3042,10,7,8
key3043,12,5,25
key3044,3,24,4
key3045,15,17,35
key3046,3,14,4
key3047,10,6,20
key3048,19,15,19
key3049,18,13,25
key3050,6,9,17
key3051,11,10,37
key3052,0,22,27
key3053,8,26,35
key3054,9,28,33
key3055,13,6,12
key3056,11,2,35
key3057,5,4,3
key3058,14,29,33
key3059,10,26,13
key3060,11,8,33
key3061,16,3,23
key3062,1,17,3
key3063,3,17,36
key3064,16,3,9
key3065,19,7,15
key3066,10,12,5
key3067,10,16,25
key3068,9,13,35
key3069,15,23,30
key3070,18,13,12
key3071,4,25,39
key3072,2,1,22
key3073,19,29,29
key3074,13,14,14
key3075,11,22,5
key3076,1,29,37
key3077,3,17,10
key3078,10,7,29
key3079,14,21,17
key3080,0,28,23
key3081,6,15,20
key3082,2,5,32
key3083,7,19,4
key3084,10,22,13
key3085,11,23,8
key3086,13,4,4
key3087,13,3,3
key3088,4,11,1
key3089,2,23,16
key3090,2,8,9
key3091,18,15,24
key3092,9,8,38
key3093,19,12,12
key3094,4,28,26
key3095,11,19,20
key3096,2,9,16
key3097,4,12,24
key3098,1,5,30
key3099,13,29,2
key3100,11,22,16
key3101,12,24,24
key3102,5,8,16
key3103,12,24,6
key3104,12,5,3
key3105,16,8,28
key3106,3,19,27
key3107,18,3,8
key3108,0,7,4
key3109,0,24,21
key3110,3,29,28
key3111,13,24,31
key3112,14,22,6
key3113,5,5,6
key3114,5,18,31
key3115,17,28,30
key3116,15,7,19
key3117,9,0,31
key3118,20,6,24
key3119,16,24,23
key3120,5,2,34
key3121,13,20,15
key3122,3,10,5
key3123,12,21,29
key3124,14,6,5
key3125,10,8,29
key3126,17,10,14
key3127,14,20,26
key3128,12,27,24
key3129,2,3,16
key3130,4,3,9
key3131,11,26,12
key3132,19,29,7
key3133,5,14,4
key3134,13,1,5
key3135,11,20,17
key3136,14,28,24
key3137,4,29,29
key3138,3,17,23
key3139,12,23,40
key3140,1,22,7
key3141,2,12,34
key3142,2,2,31
key3143,6,9,31
key3144,7,1,28
key3145,17,21,9
key3146,14,17,2
key3147,17,25,22
key3148,9,19,18
key3149,2,16,19
key3150,15,10,25
key3151,17,21,5
key3152,6,14,39
key3153,2,18,36
key3154,14,2,7
key3155,7,24,11
key3156,11,14,31
key3157,4,11,6
key3158,0,26,24
key3159,11,8,12
key3160,1,24,2
key3161,10,8,19
key3162,0,19,14
key3163,1,11,27
key3164,12,17,40
key3165,8,12,16
key3166,12,2,31
key3167,10,16,18
key3168,15,22,25
key3169,7,25,36
key3170,6,11,2
key3171,1,15,40
key3172,6,23,11
key3173,13,5,27
key3174,14,25,8
key3175,14,7,35
key3176,8,17,11
key3177,3,24,21
key3178,11,5,22
key3179,16,4,21
key3180,9,30,16
key3181,12,26,21
key3182,0,10,25
key3183,16,9,10
key3184,14,18,18
key3185,5,10,3
key3186,18,28,39
key3187,2,12,17
key3188,20,12,10
key3189,10,6,18
key3190,12,26,5
key3191,8,5,34
key3192,18,13,19
key3193,13,13,3
key3194,1,5,3
key3195,17,25,34
key3196,4,15,10
key3197,17,20,16
key3198,4,29,4
key3199,2,0,30
key3200,14,23,9
key3201,6,19,15
key3202,18,10,11
key3203,6,3,22
key3204,18,17,34
key3205,6,2,37
key3206,2,27,10
key3207,19,14,35
key3208,17,1,25
key3209,6,22,37
key3210,17,8,22
key3211,19,23,7
key3212,4,0,29
key3213,3,18,15
key3214,20,11,14
key3215,5,18,17
key3216,10,20,30
key3217,4,28,21
key3218,19,14,22
key3219,13,25,22
key3220,1,12,40
key3221,20,9,7
key3222,19,26,15
key3223,3,11,16
key3224,14,23,12
key3225,1,1,36
key3226,17,18,35
key3227,16,17,6
key3228,4,8,35
key3229,13,24,18
key3230,17,14,9
key3231,0,6,6
key3232,18,15,6
key3233,1,5,32
key3234,7,3,16
key3235,8,2,38
key3236,16,24,11
key3237,7,20,2
key3238,12,30,16
key3239,9,4,26
key3240,4,21,23
key3241,7,28,23
key3242,7,3,18
key3243,3,3,38
key3244,17,27,23
key3245,7,12,39
key3246,6,9,34
key3247,10,16,0
key3248,12,23,26
key3249,20,8,21
key3250,1,28,18
key3251,12,11,6
key3252,12,18,3
key3253,8,17,25
key3254,5,12,33
key3255,6,19,15
key3256,11,22,11
key3257,4,22,22
key3258,14,22,17
key3259,7,2,15
key3260,3,0,39
key3261,10,28,9
key3262,8,24,32
key3263,14,4,4
key3264,0,10,21
key3265,12,6,36
key3266,4,29,14
key3267,5,23,21
key3268,5,17,39
key3269,7,16,23
key3270,7,28,14
key3271,19,2,17
key3272,1,30,6
key3273,11,26,2
key3274,11,14,33
key3275,18,7,30
key3276,20,13,24
key3277,12,6,33
key3278,2,11,4
key3279,5,1,27
key3280,20,13,36
key3281,13,20,4
key3282,15,11,28
key3283,3,5,25
key3284,11,21,40
key3285,18,19,39
key3286,2,10,34
key3287,17,5,18
key3288,15,19,39
key3289,15,29,15
key3290,13,14,20
key3291,18,17,5
key3292,5,15,17
key3293,12,6,34
key3294,19,13,7
key3295,13,4,31
key3296,7,2,10
key3297,16,0,15
key3298,11,23,9
key3299,10,26,23
key3300,17,3,1
key3301,3,3,5
key3302,20,2,34
key3303,4,6,3
key3304,9,8,15
key3305,5,26,22
key3306,3,11,13
key3307,4,3,33
key3308,9,5,32
key3309,17,3,18
key3310,12,23,9
key3311,17,4,22
key3312,1,26,9
key3313,13,14,36
key3314,19,17,31
key3315,10,1,24
key3316,19,12,28
key3317,11,0,21
key3318,6,3,8
key3319,15,29,13
key3320,14,28,27
key3321,11,4,30
key3322,8,26,7
key3323,6,30,11
key3324,10,28,21
key3325,16,28,14
key3326,6,10,6
key3327,15,1,11
key3328,19,16,2
key3329,19,23,17
key3330,12,28,27
key3331,14,20,35
key3332,12,13,15
key3333,1,3,11
key3334,1,6,2
key3335,12,8,32
key3336,7,21,25
key3337,17,15,22
key3338,2,17,11
key3339,10,27,14
key3340,5,9,0
key3341,18,12,34
key3342,7,28,26
key3343,10,20,27
key3344,8,13,24
key3345,18,7,35
key3346,5,11,8
key3347,16,21,13
key3348,13,4,27
key3349,10,5,15
key3350,9,4,32
key3351,2,15,31
key3352,12,29,36
key3353,1,27,15
key3354,18,10,34
key3355,6,11,9
key3356,7,18,36
key3357,2,5,27
key3358,15,28,1
key3359,17,7,1
key3360,10,16,11
key3361,14,16,6
key3362,7,2,31
key3363,14,9,39
key3364,18,15,7
key3365,7,26,17
key3366,8,21,2
key3367,4,13,20
key3368,11,14,29
key3369,20,19,19
key3370,18,26,19
key3371,16,18,2
key3372,3,0,3
key3373,19,22,10
key3374,1,17,25
key3375,13,24,5
key3376,11,6,25
key3377,4,14,5
key3378,15,20,10
key3379,5,10,23
key3380,12,13,39
key3381,4,20,17
key3382,7,8,22
key3383,5,28,14
key3384,7,11,21
key3385,19,24,23
key3386,11,4,16
key3387,13,24,5
key3388,3,18,34
key3389,13,27,0
key3390,9,15,31
key3391,3,15,16
key3392,15,17,27
key3393,5,3,12
key3394,13,13,29
key3395,11,15,10
key3396,7,29,38
key3397,5,25,16
key3398,20,2,36
key3399,15,7,36
key3400,9,25,1
key3401,3,10,40
key3402,10,10,11
key3403,9,26,37
key3404,5,7,15
key3405,3,24,39
key3406,15,2,38
key3407,15,8,8
key3408,12,8,11
key3409,0,15,34
key3410,4,16,39
key3411,18,8,23
key3412,15,13,28
key3413,9,5,27
key3414,14,22,14
key3415,3,7,33
key3416,12,20,21
key3417,0,23,39
key3418,8,16,40
key3419,6,26,26
key3420,11,6,1
key3421,11,11,9
key3422,16,21,28
key3423,5,5,28
key3424,16,12,27
key3425,4,18,11
key3426,4,13,15
key3427,11,5,13
key3428,8,24,11
key3429,11,1,11
key3430,9,19,13
key3431,13,8,14
key3432,3,11,5
key3433,5,24,10
key3434,16,8,24
key3435,10,6,24
key3436,4,12,17
key3437,15,2,36
key3438,12,15,11
key3439,18,5,14
key3440,8,27,36
key3441,1,18,13
key3442,2,11,12
key3443,6,18,36
key3444,0,1,17
key3445,16,23,21
key3446,8,10,17
key3447,10,26,21
key3448,16,19,2
key3449,19,1,6
key3450,3,17,12
key3451,8,11,28
key3452,1,8,33
key3453,3,26,8
key3454,8,15,9
key3455,7,12,21
key3456,1,22,19
key3457,6,22,6
key3458,8,21,34
key3459,9,15,19
key3460,17,29,2
key3461,3,14,18
key3462,8,11,11
key3463,16,27,12
key3464,4,21,16
key3465,1,24,7
key3466,0,11,3
key3467,19,12,29
key3468,8,14,31
key3469,20,7,28
key3470,0,15,39
key3471,1,24,12
key3472,14,17,10
key3473,13,6,10
key3474,14,7,28
key3475,6,10,27
key3476,9,18,2
key3477,11,25,28
key3478,18,23,7
key3479,14,20,8
key3480,14,25,23
key3481,3,25,3
key3482,6,11,32
key3483,1,16,33
key3484,18,24,9
key3485,18,22,24
key3486,6,27,24
key3487,10,3,8
key3488,13,16,10
key3489,16,11,11
key3490,3,29,12
key3491,10,6,24
key3492,5,19,19
key3493,12,7,38
key3494,16,11,35
key3495,1,22,8
key3496,8,2,7
key3497,16,5,27
key3498,13,29,16
key3499,18,3,2
key3500,5,19,1
key3501,19,26,16
key3502,18,26,21
key3503,5,9,10
key3504,4,26,34
key3505,6,15,37
key3506,3,2,26
key3507,16,30,11
key3508,18,19,2
key3509,5,4,16
key3510,9,24,13
key3511,3,1,30
key3512,18,6,5
key3513,18,13,4
key3514,9,13,17
key3515,2,3,13
key3516,5,13,22
key3517,16,11,31
key3518,15,5,3
key3519,10,11,36
key3520,18,11,35
key3521,3,10,16
key3522,8,19,38
key3523,9,9,2
key3524,16,2,24
key3525,5,12,17
key3526,11,7,26
key3527,17,19,18
key3528,12,21,19
key3529,16,0,26
key3530,10,9,36
key3531,3,19,31
key3532,13,30,2
key3533,7,0,26
key3534,7,25,21
key3535,10,18,31
key3536,7,17,21
key3537,8,30,6
key3538,16,24,19
key3539,9,0,14
key3540,16,7,26
key3541,0,8,19
key3542,11,27,10
key3543,8,6,29
key3544,15,28,28
key3545,7,13,32
key3546,11,23,13
key3547,0,4,19
key3548,13,1,29
key3549,17,21,27
key3550,10,22,33
key3551,3,6,3
key3552,1,24,34
key3553,14,12,24
key3554,5,5,25
key3555,20,19,4
key3556,12,3,38
key3557,2,10,8
key3558,11,28,19
key3559,18,0,12
key3560,4,8,34
key3561,7,12,7
key3562,7,29,21
key3563,1,22,30
key3564,13,25,37
key3565,5,6,21
key3566,16,16,37
key3567,6,24,36
key3568,8,11,2
key3569,12,19,39
key3570,8,17,23
key3571,12,10,12
key3572,6,28,7
key3573,11,18,21
key3574,6,27,40
key3575,9,10,30
key3576,14,3,15
key3577,2,6,3
key3578,16,23,39
key3579,8,11,36
key3580,19,11,11
key3581,1,26,38
key3582,18,7,8
key3583,18,30,20
key3584,9,13,28
key3585,2,25,8
key3586,17,19,31
key3587,8,21,9
key3588,18,22,23
key3589,16,7,13
key3590,13,18,22
key3591,17,16,3
key3592,17,29,37
key3593,6,30,13
key3594,5,8,36
key3595,20,17,24
key3596,19,14,36
key3597,1,4,9
key3598,3,17,5
key3599,17,23,36
key3600,1,14,13
key3601,7,25,29
key3602,10,0,28
key3603,19,25,4
key3604,18,29,33
key3605,11,22,33
key3606,15,17,9
key3607,18,17,26
key3608,6,26,9
key3609,14,13,6
key3610,6,22,4
key3611,6,25,24
key3612,6,24,16
key3613,9,12,16
key3614,19,21,18
key3615,17,2,38
key3616,16,23,8
key3617,20,1,16
key3618,17,24,8
key3619,10,2,12
key3620,5,8,29
key3621,3,15,35
key3622,0,29,1
key3623,0,2,24
key3624,3,11,1
key3625,4,11,14
key3626,6,25,9
key3627,4,8,8
key3628,4,12,17
key3629,15,20,0
key3630,12,6,12
key3631,14,11,16
key3632,2,9,18
key3633,6,3,8
key3634,2,2,7
key3635,19,8,6
key3636,18,17,11
key3637,18,14,4
key3638,10,12,1
key3639,7,20,37
key3640,9,5,3
key3641,16,22,20
key3642,6,6,18
key3643,17,17,25
key3644,12,21,23
key3645,2,28,8
key3646,15,25,7
key3647,2,17,21
key3648,18,16,31
key3649,9,22,3
key3650,17,19,3
key3651,3,20,7
key3652,19,9,20
key3653,18,18,11
key3654,9,16,22
key3655,4,1,2
key3656,1,10,9
key3657,2,18,36
key3658,8,2,3
key3659,5,16,37
key3660,7,20,6
key3661,10,17,2
key3662,1,3,6
key3663,14,0,36
key3664,5,23,19
key3665,10,13,3
key3666,12,26,17
key3667,9,18,24
key3668,9,18,23
key3669,8,22,33
key3670,19,29,3
key3671,20,17,9
key3672,12,23,35
key3673,19,7,27
key3674,11,29,10
key3675,6,27,6
key3676,10,14,12
key3677,20,19,15
key3678,2,20,23
key3679,4,19,31
key3680,3,11,2
key3681,5,10,34
key3682,16,17,18
key3683,19,8,19
key3684,20,26,22
key3685,8,8,39
key3686,6,28,2
key3687,1,19,35
key3688,8,8,0
key3689,9,29,40
key3690,16,20,2
key3691,17,12,34
key3692,15,23,4
key3693,14,2,33
key3694,8,19,6
key3695,19,17,34
key3696,14,15,2
key3697,2,16,30
key3698,11,12,7
key3699,3,24,18
key3700,14,21,17
key3701,13,1,35
key3702,19,19,23
key3703,14,29,1
key3704,13,5,38
key3705,18,13,33
key3706,11,23,19
key3707,15,8,4
key3708,16,12,13
key3709,4,4,31
key3710,20,1,8
key3711,16,7,1
key3712,16,9,32
key3713,2,26,15
key3714,20,29,15
key3715,13,9,4
key3716,2,9,26
key3717,16,5,32
key3718,3,20,38
key3719,5,12,26
key3720,12,25,12
key3721,3,6,16
key3722,1,6,2
key3723,15,22,29
key3724,6,19,27
key3725,16,8,10
key3726,4,17,10
key3727,14,4,15
key3728,9,8,36
key3729,1,25,5
key3730,8,14,39
key3731,9,21,9
key3732,12,3,12
key3733,6,0,28
key3734,7,17,38
key3735,18,11,25
key3736,1,0,10
key3737,9,21,15
key3738,6,23,29
key3739,6,18,6
key3740,3,6,34
key3741,5,2,16
key3742,10,27,6
key3743,13,28,24
key3744,13,6,31
key3745,3,2,33
key3746,7,9,17
key3747,19,18,21
key3748,5,14,1
key3749,4,9,4
key3750,11,20,12
key3751,11,12,2
key3752,13,18,24
key3753,15,5,18
key3754,17,21,3
key3755,15,10,34
key3756,18,17,4
key3757,14,8,39
key3758,1,22,1
key3759,16,19,33
key3760,4,6,22
key3761,4,11,36
key3762,12,25,8
key3763,3,2,15
key3764,6,5,4
key3765,7,23,19
key3766,8,28,14
key3767,13,27,37
key3768,19,21,40
key3769,11,29,19
key3770,9,13,20
key3771,14,10,4
key3772,19,21,39
key3773,16,2,24
key3774,3,26,26
key3775,16,22,5
key3776,11,8,25
key3777,6,16,23
key3778,17,7,29
key3779,19,1,10
key3780,11,29,1
key3781,16,24,18
key3782,2,11,35
key3783,18,4,27
key3784,13,23,6
key3785,4,18,25
key3786,14,16,37
key3787,10,11,13
key3788,14,21,20
key3789,7,5,32
key3790,0,9,13
key3791,15,29,13
key3792,5,21,26
key3793,5,1,12
key3794,8,5,22
key3795,13,30,17
key3796,1,27,32
key3797,7,27,38
key3798,8,3,27
key3799,16,15,14
key3800,11,26,17
key3801,10,12,25
key3802,0,9,8
key3803,16,17,26
key3804,13,17,1
key3805,1,3,39
key3806,9,19,12
key3807,11,5,15
key3808,20,14,17
key3809,8,27,19
key3810,18,17,40
key3811,13,7,20
key3812,10,13,32
key3813,4,15,18
key3814,2,28,33
key3815,6,26,17
key3816,6,3,36
key3817,19,12,28
key3818,13,30,8
key3819,9,25,35
key3820,0,25,19
key3821,2,4,19
key3822,9,26,6
key3823,6,5,31
key3824,18,25,15
key3825,17,28,39
key3826,12,25,26
key3827,12,7,30
key3828,14,15,5
key3829,16,15,7
key3830,12,25,17
key3831,8,6,10
key3832,3,7,24
key3833,13,30,39
key3834,10,18,18
key3835,2,22,33
key3836,5,4,30
key3837,16,27,20
key3838,14,28,6
key3839,18,13,19
key3840,15,15,0
key3841,4,25,34
key3842,16,13,26
key3843,1,20,4
key3844,11,12,7
key3845,10,21,1
key3846,9,23,31
key3847,14,23,19
key3848,18,6,12
key3849,5,1,4
key3850,4,21,7
key3851,9,4,17
key3852,8,19,15
key3853,17,2,5
key3854,14,18,10
key3855,15,16,18
key3856,12,26,34
key3857,17,15,32
key3858,14,16,35
key3859,13,16,17
key3860,15,28,14
key3861,14,7,31
key3862,15,2,30
key3863,16,2,18
key3864,1,22,20
key3865,4,23,39
key3866,16,1,31
key3867,2,25,18
key3868,1,1,1
key3869,5,18,8
key3870,16,27,39
key3871,7,27,11
key3872,3,27,29
key3873,15,19,19
key3874,12,16,36
key3875,8,20,34
key3876,0,30,12
key3877,10,28,36
key3878,16,23,23
key3879,9,10,7
key3880,15,21,26
key3881,10,13,7
key3882,12,26,5
key3883,10,12,21
key3884,11,6,14
key3885,17,11,20
key3886,18,20,29
key3887,4,25,9
key3888,13,30,25
key3889,19,3,30
key3890,2,22,37
key3891,6,6,38
key3892,13,10,5
key3893,4,12,20
key3894,5,8,26
key3895,14,12,37
key3896,13,1,5
key3897,1,8,23
key3898,6,24,26
key3899,3,8,37
key3900,17,23,38
key3901,14,7,3
key3902,10,29,2
key3903,3,14,20
key3904,13,26,14
key3905,10,27,24
key3906,6,4,15
key3907,4,12,31
key3908,1,16,19
key3909,4,20,35
key3910,7,2,5
key3911,0,9,30
key3912,11,1,35
key3913,15,12,38
key3914,16,23,0
key3915,7,8,8
key3916,2,21,28
key3917,17,13,6
key3918,17,19,2
key3919,13,9,5
key3920,2,28,29
key3921,2,28,18
key3922,8,12,9
key3923,9,27,4
key3924,10,28,21
key3925,10,9,8
key3926,18,12,17
key3927,0,19,27
key3928,13,2,3
key3929,11,8,5
key3930,20,4,32
key3931,6,2,2
key3932,6,25,15
key3933,12,23,19
key3934,14,8,31
key3935,7,5,40
key3936,1,19,18
key3937,2,9,22
key3938,15,15,11
key3939,20,6,27
key3940,6,7,23
key3941,5,16,32
key3942,11,2,22
key3943,5,9,5
key3944,6,22,13
key3945,20,12,15
key3946,18,27,11
key3947,5,30,7
key3948,16,10,25
key3949,14,13,33
key3950,2,24,14
key3951,17,30,22
key3952,2,29,20
key3953,12,18,27
key3954,7,1,32
key3955,3,12,2
key3956,12,13,31
key3957,9,15,10
key3958,5,7,18
key3959,5,27,16
key3960,2,29,26
key3961,9,10,20
key3962,2,27,19
key3963,16,20,37
key3964,6,6,18
key3965,14,16,27
key3966,8,3,39
key3967,19,10,29
key3968,5,21,21
key3969,12,9,5
key3970,11,14,23
key3971,2,19,30
key3972,6,13,19
key3973,14,8,28
key3974,15,20,3
key3975,13,23,18
key3976,5,28,16
key3977,7,11,36
key3978,11,5,25
key3979,2,11,9
key3980,4,23,40
key3981,18,18,4
key3982,18,12,5
key3983,10,17,12
key3984,1,1,12
key3985,16,14,10
key3986,4,25,34
key3987,5,30,30
key3988,11,2,21
key3989,10,1,18
key3990,3,9,15
key3991,9,18,9
key3992,5,1,19
key3993,9,17,6
key3994,7,14,21
key3995,4,19,32
key3996,15,10,21
key3997,9,20,37
key3998,16,30,40
key3999,3,12,34
key4000,10,9,5
key4001,4,26,36
key4002,16,2,32
key4003,14,12,25
key4004,17,29,14
key4005,3,23,30
key4006,14,22,15
key4007,12,5,0
key4008,19,26,30
key4009,18,30,15
key4010,11,20,16
key4011,10,22,20
key4012,2,23,18
key4013,19,22,34
key4014,13,6,24
key4015,8,25,27
key4016,15,20,3
key4017,17,8,30
key4018,12,7,17
key4019,18,8,36
key4020,12,6,11
key4021,3,1,3
key4022,10,10,20
key4023,9,3,12
key4024,7,10,28
key4025,9,18,13
key4026,12,7,11
key4027,20,11,37
key4028,10,18,26
key4029,0,23,0
key4030,15,21,1
key4031,10,1,32
key4032,12,22,25
key4033,11,15,18
key4034,1,16,28
key4035,12,28,17
key4036,10,3,2
key4037,19,24,35
key4038,19,22,34
key4039,5,3,33
key4040,12,2,33
key4041,19,14,7
key4042,19,26,35
key4043,16,7,10
key4044,3,23,11
key4045,20,20,22
key4046,15,24,36
key4047,5,18,38
key4048,10,24,31
key4049,6,28,3
key4050,13,14,29
key4051,1,21,14
key4052,13,11,7
key4053,5,3,10
key4054,18,7,14
key4055,5,10,2
key4056,7,19,26
key4057,10,13,19
key4058,3,12,14
key4059,15,13,39
key4060,2,6,12
key4061,2,25,35
key4062,0,10,13
key4063,14,19,27
key4064,14,8,6
key4065,3,11,32
key4066,17,24,22
key4067,3,6,23
key4068,18,27,37
key4069,11,26,35
key4070,5,23,17
key4071,2,27,10
key4072,15,17,24
key4073,7,8,25
key4074,14,27,23
key4075,2,15,27
key4076,18,21,10
key4077,20,1,10
key4078,15,21,23
key4079,19,28,26
key4080,13,27,2
key4081,13,7,33
key4082,7,0,32
key4083,5,10,3
key4084,0,23,20
key4085,12,12,40
key4086,1,24,2
key4087,16,6,22
key4088,10,17,36
key4089,5,8,17
key4090,17,9,38
key4091,15,2,16
key4092,20,21,10
key4093,17,5,7
key4094,2,15,17
key4095,4,8,5
key4096,20,27,20
key4097,4,5,24
key4098,19,21,35
key4099,16,3,14
key4100,14,28,35
key4101,8,16,17
key4102,1,2,15
key4103,17,12,5
key4104,14,10,20
key4105,10,14,13
key4106,13,11,27
key4107,7,20,8
key4108,0,1,22
key4109,3,6,27
key4110,17,28,12
key4111,20,20,32
key4112,6,15,33
key4113,10,16,20
key4114,7,27,10
key4115,3,19,40
key4116,2,5,33
key4117,2,24,28
key4118,4,1,36
key4119,12,13,35
key4120,14,23,23
key4121,19,20,6
key4122,6,8,36
key4123,7,23,14
key4124,7,27,32
key4125,9,7,36
key4126,13,23,32
key4127,5,25,9
key4128,17,28,23
key4129,15,11,34
key4130,9,26,10
key4131,19,2,11
key4132,17,21,12
key4133,17,13,26
key4134,12,9,4
key4135,7,3,23
key4136,16,8,29
key4137,10,15,3
key4138,1,3,30
key4139,1,27,28
key4140,3,4,23
key4141,9,4,19
key4142,12,15,22
key4143,8,6,26
key4144,9,8,34
key4145,3,11,29
key4146,17,28,1
key4147,17,15,23
key4148,17,4,36
key4149,6,8,9
key4150,6,24,26
key4151,11,8,27
key4152,3,1,1
key4153,18,29,25
key4154,2,8,30
key4155,4,29,24
key4156,12,9,31
key4157,12,11,2
key4158,16,12,24
key4159,15,10,9
key4160,4,10,31
key4161,10,9,27
key4162,0,18,11
key4163,3,10,29
key4164,8,6,34
key4165,19,24,7
key4166,0,2,4
key4167,3,24,21
key4168,15,8,11
key4169,9,29,36
key4170,1,4,31
key4171,12,3,17
key4172,11,0,16
key4173,20,25,32
key4174,6,25,40
key4175,17,10,33
key4176,1,3,30
key4177,4,0,31
key4178,2,6,0
key4179,9,20,9
key4180,1,23,5
key4181,16,15,18
key4182,4,2,33
key4183,9,27,31
key4184,9,7,7
key4185,12,18,28
key4186,6,10,19
key4187,2,7,13
key4188,0,30,18
key4189,12,2,39
key4190,11,3,32
key4191,15,15,8
key4192,6,9,11
key4193,2,20,35
key4194,14,9,11
key4195,12,25,25
key4196,2,9,29
key4197,16,29,23
key4198,6,24,7
key4199,4,3,25
key4200,15,29,29
key4201,3,14,14
key4202,9,21,12
key4203,19,4,33
key4204,11,3,27
key4205,3,13,22
key4206,3,0,24
key4207,7,5,2
key4208,4,9,16
key4209,2,29,8
key4210,18,2,8
key4211,5,29,27
key4212,1,17,3
key4213,17,5,8
key4214,10,28,0
key4215,19,21,26
key4216,5,27,13
key4217,15,3,20
key4218,17,1,6
key4219,12,7,1
key4220,8,23,3
key4221,7,28,18
key4222,6,9,11
key4223,13,23,6
key4224,14,28,19
key4225,7,18,23
key4226,13,22,19
key4227,7,5,30
key4228,1,1,10
key4229,19,29,10
key4230,1,8,37
key4231,7,6,22
key4232,12,26,39
key4233,0,19,30
key4234,15,22,13
key4235,4,9,6
key4236,18,28,37
key4237,3,21,1
key4238,6,3,4
key4239,9,24,14
key4240,15,12,24
key4241,13,15,31
key4242,10,24,17
key4243,10,1,18
key4244,14,20,38
key4245,11,1,34
key4246,13,1,33
key4247,16,5,3
key4248,6,20,27
key4249,17,14,9
key4250,14,6,27
key4251,17,22,4
key4252,10,4,12
key4253,8,13,14
key4254,3,3,15
key4255,15,22,9
key4256,10,26,24
key4257,17,26,32
key4258,3,12,1
key4259,17,6,2
key4260,15,11,21
key4261,10,2,5
key4262,7,25,37
key4263,12,6,16
key4264,14,30,20
key4265,17,8,7
key4266,9,10,27
key4267,0,8,29
key4268,19,1,21
key4269,18,16,2
key4270,2,13,6
key4271,11,15,6
key4272,19,8,34
key4273,17,23,29
key4274,9,0,25
key4275,14,15,16
key4276,18,14,11
key4277,18,13,9
key4278,4,8,23
key4279,1,17,22
key4280,20,1,14
key4281,19,13,22
key4282,15,3,38
key4283,20,9,19
key4284,17,19,5
key4285,3,15,5
key4286,15,4,34
key4287,15,25,21
key4288,20,27,36
key4289,8,7,21
key4290,3,4,11
key4291,6,5,2
key4292,10,22,2
key4293,7,16,28
key4294,9,30,22
key4295,2,2,34
key4296,7,19,10
key4297,15,4,21
key4298,5,12,8
key4299,12,15,35
key4300,18,7,26
key4301,2,18,29
key4302,13,21,38
key4303,8,2,9
key4304,5,14,20
key4305,17,28,4
key4306,5,14,16
key4307,1,13,24
key4308,19,26,20
key4309,16,29,24
key4310,5,2,31
key4311,1,12,35
key4312,16,28,12
key4313,16,26,34
key4314,3,15,8
key4315,13,1,38
key4316,1,17,2
key4317,12,19,15
key4318,12,15,1
key4319,11,13,25
key4320,12,21,21
key4321,10,15,18
key4322,15,25,31
key4323,17,29,19
key4324,13,14,33
key4325,12,23,34
key4326,13,21,18
key4327,7,15,6
key4328,12,23,2
key4329,5,19,27
key4330,10,4,12
key4331,4,29,12
key4332,18,3,1
key4333,1,23,1
key4334,13,17,16
key4335,12,29,28
key4336,2,21,3
key4337,2,2,32
key4338,2,4,1
key4339,9,28,7
key4340,9,4,34
key4341,3,16,0
key4342,18,17,28
key4343,15,13,28
key4344,16,27,8
key4345,8,15,29
key4346,8,2,19
key4347,19,11,30
key4348,6,22,37
key4349,6,6,35
key4350,17,18,13
key4351,5,0,27
key4352,17,11,20
key4353,0,29,30
key4354,18,29,29
key4355,10,8,12
key4356,11,11,0
key4357,19,4,24
key4358,18,22,9
key4359,15,16,13
key4360,9,17,7
key4361,2,8,24
key4362,10,25,3
key4363,10,16,29
key4364,1,23,35
key4365,4,19,37
key4366,8,15,28
key4367,3,5,6
key4368,9,13,12
key4369,4,28,5
key4370,17,5,13
key4371,3,19,8
key4372,14,28,5
key4373,11,2,26
key4374,20,11,8
key4375,12,26,17
key4376,9,18,4
key4377,13,19,19
key4378,1,14,4
key4379,14,0,32
key4380,14,27,0
key4381,19,20,18
key4382,8,1,25
key4383,19,28,23
key4384,10,22,37
key4385,16,23,40
key4386,1,3,30
key4387,11,24,32
key4388,19,14,37
key4389,2,4,8
key4390,14,3,21
key4391,6,18,18
key4392,9,13,33
key4393,2,9,31
key4394,19,9,32
key4395,3,15,1
key4396,12,26,20
key4397,1,1,2
key4398,7,28,20
key4399,2,3,17
key4400,2,4,15
key4401,5,6,3
key4402,8,24,12
key4403,5,8,14
key4404,10,12,17
key4405,4,1,5
key4406,12,18,25
key4407,4,15,7
key4408,18,8,32
key4409,8,11,10
key4410,13,19,33
key4411,5,1,29
key4412,19,16,39
key4413,19,18,11
key4414,19,28,2
key4415,18,1,18
key4416,1,25,21
key4417,3,5,25
key4418,3,11,7
key4419,0,30,2
key4420,2,25,1
key4421,8,30,11
key4422,3,28,29
key4423,16,26,22
key4424,4,28,39
key4425,4,14,19
key4426,14,25,20
key4427,15,20,10
key4428,20,25,25
key4429,20,10,29
key4430,4,0,5
key4431,5,16,12
key4432,15,26,22
key4433,8,24,20
key4434,17,28,38
key4435,15,20,20
key4436,11,30,20
key4437,12,25,29
key4438,14,27,22
key4439,9,26,33
key4440,4,22,1
key4441,8,8,35
key4442,13,4,25
key4443,17,19,36
key4444,15,30,13
key4445,9,24,12
key4446,17,2,1
key4447,12,12,22
key4448,5,8,39
key4449,0,29,10
key4450,8,23,15
key4451,9,13,9
key4452,1,1,36
key4453,10,23,1
key4454,9,20,30
key4455,10,29,8
key4456,15,17,10
key4457,19,26,13
key4458,4,3,27
key4459,19,18,24
key4460,5,4,24
key4461,0,7,21
key4462,13,25,12
key4463,7,2,4
key4464,20,16,32
key4465,11,16,36
key4466,4,16,0
key4467,17,3,36
key4468,16,4,15
key4469,11,28,24
key4470,16,15,11
key4471,3,1,13
key4472,17,7,19
key4473,2,28,35
key4474,1,26,23
key4475,2,0,5
key4476,2,4,29
key4477,18,11,4
key4478,19,12,36
key4479,11,5,6
key4480,10,5,15
key4481,16,9,40
key4482,8,24,19
key4483,12,7,1
key4484,4,6,29
key4485,3,20,1
key4486,3,11,22
key4487,1,22,39
key4488,14,27,22
key4489,5,14,36
key4490,11,26,4
key4491,1,8,23
key4492,16,20,30
key4493,6,8,14
key4494,11,4,30
key4495,5,22,21
key4496,5,5,20
key4497,3,16,36
key4498,3,6,36
key4499,1,8,9
key4500,1,6,21
key4501,20,6,6
key4502,19,11,4
key4503,8,17,0
key4504,14,2,5
key4505,2,26,15
key4506,9,10,30
key4507,7,20,31
key4508,7,0,33
key4509,7,23,40
key4510,19,24,8
key4511,18,1,7
key4512,8,11,39
key4513,6,12,25
key4514,18,18,12
key4515,15,24,24
key4516,16,1,30
key4517,10,20,31
key4518,12,19,24
key4519,12,14,15
key4520,15,1,40
key4521,7,4,9
key4522,15,26,35
key4523,13,24,37
key4524,18,28,4
key4525,2,29,11
key4526,15,2,15
key4527,17,6,11
key4528,17,29,11
key4529,2,10,7
key4530,2,28,14
key4531,3,11,34
key4532,17,29,33
key4533,17,6,10
key4534,3,25,1
key4535,15,21,12
key4536,11,12,30
key4537,3,13,35
key4538,7,19,2
key4539,14,28,28
key4540,18,6,18
key4541,6,22,7
key4542,17,19,38
key4543,3,6,25
key4544,6,9,15
key4545,11,28,31
key4546,9,25,12
key4547,2,21,18
key4548,0,10,34
key4549,15,10,10
key4550,9,29,30
key4551,8,18,32
key4552,1,12,39
key4553,14,29,20
key4554,16,28,4
key4555,14,13,28
key4556,14,0,40
key4557,19,25,18
key4558,5,19,11
key4559,14,18,40
key4560,12,16,30
key4561,16,5,20
key4562,2,13,13
key4563,9,28,15
key4564,8,2,24
key4565,18,11,25
key4566,8,23,17
key4567,7,30,1
key4568,20,12,31
key4569,16,11,25
key4570,6,1,0
key4571,8,15,25
key4572,5,17,34
key4573,4,13,8
key4574,1,25,17
key4575,9,25,26
key4576,6,6,39
key4577,9,26,1
key4578,1,19,13
key4579,8,5,16
key4580,6,0,15
key4581,13,22,22
key4582,6,20,9
key4583,6,24,25
key4584,20,29,16
key4585,18,27,3
key4586,0,18,31
key4587,16,29,20
key4588,14,9,30
key4589,14,4,35
key4590,7,14,33
key4591,16,4,11
key4592,18,6,39
key4593,5,3,29
key4594,11,8,32
key4595,7,21,9
key4596,9,19,13
key4597,5,18,12
key4598,19,10,20
key4599,3,3,29
key4600,8,14,31
key4601,16,11,37
key4602,15,2,22
key4603,4,6,18
key4604,14,7,15
key4605,3,19,21
key4606,13,1,18
key4607,11,6,17
key4608,0,10,6
key4609,18,6,17
key4610,20,13,31
key4611,5,28,36
key4612,17,16,34
key4613,14,18,19
key4614,9,8,7
key4615,17,29,16
key4616,5,16,31
key4617,19,29,19
key4618,9,18,31
key4619,10,29,9
key4620,17,22,31
key4621,9,21,4
key4622,13,18,21
key4623,3,20,1
key4624,6,22,13
key4625,7,25,38
key4626,12,6,1
key4627,2,23,26
key4628,7,21,36
key4629,16,24,37
key4630,8,14,9
key4631,10,29,25
key4632,11,7,18
key4633,18,4,19
key4634,7,9,25
key4635,17,6,2
key4636,19,10,24
key4637,7,12,15
key4638,6,22,10
key4639,15,7,34
key4640,13,10,14
key4641,2,14,8
key4642,16,24,36
key4643,19,11,23
key4644,9,26,2
key4645,7,12,33
key4646,10,8,3
key4647,16,24,7
key4648,18,1,3
key4649,14,12,38
key4650,1,10,34
key4651,8,19,30
key4652,14,4,25
key4653,6,21,8
key4654,5,23,5
key4655,0,2,18
key4656,17,1,19
key4657,12,3,36
key4658,17,22,31
key4659,19,5,33
key4660,3,25,5
key4661,10,7,17
key4662,5,24,12
key4663,6,19,4
key4664,15,5,5
key4665,5,2,3
key4666,19,11,26
key4667,8,11,39
key4668,17,6,29
key4669,8,3,1
key4670,17,1,26
key4671,16,21,16
key4672,11,16,21
key4673,16,19,9
key4674,11,11,26
key4675,0,7,26
key4676,15,11,17
key4677,16,24,39
key4678,11,12,26
key4679,14,19,7
key4680,11,8,24
key4681,13,19,40
key4682,10,11,7
key4683,19,4,19
key4684,19,4,28
key4685,13,26,30
key4686,4,19,21
key4687,6,20,16
key4688,6,14,1
key4689,20,18,20
key4690,3,18,31
key4691,10,26,11
key4692,1,21,13
key4693,5,26,1
key4694,18,14,6
key4695,17,11,38
key4696,11,17,37
key4697,18,23,8
key4698,3,11,20
key4699,2,19,27
key4700,3,11,5
key4701,8,4,25
key4702,13,5,14
key4703,5,27,4
key4704,17,5,37
key4705,19,23,4
key4706,2,12,23
key4707,12,10,3
key4708,10,8,36
key4709,11,4,0
key4710,12,7,21
key4711,4,2,16
key4712,18,12,4
key4713,13,4,34
key4714,17,24,32
key4715,19,25,14
key4716,16,7,28
key4717,13,12,24
key4718,10,25,3
key4719,16,5,10
key4720,15,14,4
key4721,7,4,28
key4722,0,5,11
key4723,18,4,39
key4724,1,22,36
key4725,1,27,23
key4726,19,3,15
key4727,5,15,6
key4728,11,10,27
key4729,6,17,3
key4730,15,11,9
key4731,20,10,12
key4732,13,11,15
key4733,19,17,19
key4734,7,12,22
key4735,2,3,12
key4736,3,23,21
key4737,20,1,21
key4738,10,3,10
key4739,20,9,37
key4740,2,18,5
key4741,8,22,32
key4742,4,18,17
key4743,13,12,14
key4744,12,7,11
key4745,8,6,35
key4746,14,16,11
key4747,13,15,9
key4748,11,29,38
key4749,13,21,6
key4750,1,23,5
key4751,13,30,17
key4752,19,23,23
key4753,8,13,21
key4754,2,22,38
key4755,2,21,12
key4756,1,25,5
key4757,6,27,18
key4758,11,11,22
key4759,7,8,10
key4760,11,20,32
key4761,4,18,10
key4762,16,24,20
key4763,13,19,7
key4764,2,27,23
key4765,20,18,11
key4766,10,25,16
key4767,16,1,10
key4768,10,28,16
key4769,14,23,12
key4770,11,10,21
key4771,10,28,4
key4772,10,19,32
key4773,7,25,33
key4774,6,29,16
key4775,14,28,17
key4776,9,25,20
key4777,11,19,28
key4778,14,29,2
key4779,18,28,17
key4780,5,0,28
key4781,4,14,40
key4782,5,13,20
key4783,8,20,27
key4784,14,28,33
key4785,0,14,7
key4786,14,13,21
key4787,5,10,27
key4788,15,17,34
key4789,14,7,8
key4790,1,30,5
key4791,15,7,35
key4792,11,4,21
key4793,11,25,13
key4794,13,9,26
key4795,4,23,27
key4796,19,11,19
key4797,2,15,2
key4798,15,20,24
key4799,13,23,20
key4800,7,27,26
key4801,6,9,13
key4802,9,8,6
key4803,0,7,32
key4804,15,1,10
key4805,4,19,20
key4806,12,27,5
key4807,4,27,29
key4808,3,12,21
key4809,15,13,6
key4810,5,12,0
key4811,13,8,22
key4812,11,27,18
key4813,20,24,10
key4814,2,16,22
key4815,11,9,22
key4816,15,23,33
key4817,2,30,34
key4818,1,21,20
key4819,9,1,35
key4820,20,23,20
key4821,19,17,24
key4822,6,8,5
key4823,20,7,1
key4824,20,5,22
key4825,2,8,31
key4826,2,15,24
key4827,11,26,20
key4828,11,24,18
key4829,8,23,24
key4830,2,21,9
key4831,17,4,14
key4832,20,27,13
key4833,13,2,28
key4834,12,19,28
key4835,8,24,20
key4836,8,11,23
key4837,8,1,36
key4838,7,10,1
key4839,8,12,14
key4840,17,2,26
key4841,13,21,13
key4842,7,5,24
key4843,13,9,1
key4844,10,3,7
key4845,15,10,17
key4846,10,7,27
key4847,16,11,25
key4848,14,3,13
key4849,19,29,32
key4850,10,18,3
key4851,19,16,17
key4852,4,22,29
key4853,11,13,8
key4854,10,21,18
key4855,12,7,25
key4856,19,26,6
key4857,16,12,13
key4858,2,15,2
key4859,13,7,2
key4860,10,27,26
key4861,1,3,13
key4862,5,2,10
key4863,6,14,1
key4864,6,11,12
key4865,2,18,0
key4866,3,5,1
key4867,16,13,25
key4868,12,12,31
key4869,1,1,9
key4870,9,9,13
key4871,16,5,18
key4872,12,21,5
key4873,15,15,27
key4874,5,13,18
key4875,12,3,40
key4876,18,30,20
key4877,18,9,28
key4878,3,12,30
key4879,19,13,32
key4880,17,1,26
key4881,5,11,37
key4882,19,7,31
key4883,9,21,20
key4884,13,17,31
key4885,13,10,5
key4886,14,29,39
key4887,8,5,6
key4888,16,18,21
key4889,9,14,22
key4890,13,27,1
key4891,17,11,9
key4892,8,19,37
key4893,15,14,39
key4894,9,19,6
key4895,3,1,28
key4896,10,10,11
key4897,8,6,28
key4898,14,4,32
key4899,6,8,29
key4900,15,9,37
key4901,11,3,4
key4902,9,24,6
key4903,4,14,13
key4904,10,12,31
key4905,11,2,15
key4906,10,29,21
key4907,4,21,21
key4908,3,0,21
key4909,6,9,22
key4910,1,15,32
key4911,13,2,5
key4912,17,13,25
key4913,4,22,19
key4914,17,22,7
key4915,5,25,4
key4916,19,27,10
key4917,8,6,39
key4918,13,7,37
key4919,8,11,4
key4920,1,2,13
key4921,9,15,33
key4922,19,29,18
key4923,18,14,34
key4924,6,13,27
key4925,17,2,21
key4926,5,23,29
key4927,19,21,12
key4928,10,9,13
key4929,10,30,39
key4930,4,11,25
key4931,4,25,15
key4932,1,27,11
key4933,1,23,27
key4934,13,23,35
key4935,20,27,21
key4936,10,25,19
key4937,4,19,31
key4938,16,29,25
key4939,4,20,15
key4940,20,1,8
key4941,16,25,1
key4942,9,18,15
key4943,17,20,22
key4944,7,23,30
key4945,8,30,20
key4946,5,19,7
key4947,1,18,1
key4948,5,19,5
key4949,18,22,30
key4950,16,23,36
key4951,17,2,28
key4952,18,0,20
key4953,1,19,28
key4954,6,24,17
key4955,11,16,39
key4956,7,28,2
key4957,18,7,7
key4958,10,25,20
key4959,8,26,3
key4960,19,20,7
key4961,8,13,15
key4962,16,29,27
key4963,0,25,17
key4964,17,17,28
key4965,11,13,11
key4966,17,0,29
key4967,9,12,37
key4968,17,8,37
key4969,3,16,35
key4970,3,27,26
key4971,9,17,24
key4972,4,30,27
key4973,13,1,36
key4974,3,20,25
key4975,0,17,31
key4976,0,18,37
key4977,15,26,24
key4978,4,22,24
key4979,14,0,13
key4980,11,16,3
key4981,10,9,39
key4982,8,9,15
key4983,10,16,14
key4984,11,1,40
key4985,8,26,5
key4986,3,1,1
key4987,18,11,34
key4988,15,22,9
key4989,10,4,28
key4990,7,29,38
key4991,18,26,30
key4992,18,15,2
key4993,17,6,3
key4994,19,12,10
key4995,1,26,4
key4996,13,21,22
key4997,16,7,2
key4998,13,9,33
key4999,12,3,5
key5000,11,14,36
