key1,9,5,22
key2,16,19,2
key3,10,15,27
key4,12,18,37
key5,7,10,18
key6,8,16,17
key7,12,22,15
key8,0,15,35
key9,7,2,32
key10,0,2,21
key11,4,26,25
key12,17,21,8
key13,19,4,1
key14,3,7,17
key15,8,6,16
key16,8,20,7
key17,15,28,1
key18,14,27,14
key19,2,21,28
key20,2,26,29
key21,17,18,6
key22,5,11,17
key23,10,11,27
key24,16,16,11
key25,17,19,3
key26,17,20,16
key27,15,26,7
key28,9,17,4
key29,4,13,27
key30,3,30,25
key31,0,28,32
key32,7,22,35
key33,8,21,35
key34,13,23,30
key35,6,22,10
key36,17,24,27
key37,13,12,26
key38,13,15,2
key39,1,2,26
key40,19,3,1
key41,18,0,7
key42,5,17,39
key43,13,0,32
key44,20,29,28
key45,16,4,5
key46,11,15,11
key47,10,1,11
key48,7,24,13
key49,5,28,34
key50,16,21,37
key51,12,12,18
key52,8,28,24
key53,0,17,18
key54,13,21,29
key55,1,12,14
key56,16,11,4
key57,11,12,20
key58,11,1,18
key59,7,2,11
key60,5,21,27
key61,7,25,27
key62,19,13,36
key63,14,29,32
key64,7,14,31
key65,13,26,39
key66,13,20,24
key67,7,28,12
key68,4,1,12
key69,12,17,9
key70,9,5,29
key71,14,23,7
key72,16,3,16
key73,16,8,14
key74,2,26,39
key75,7,8,37
key76,9,1,20
key77,5,22,17
key78,14,20,33
key79,9,25,15
key80,9,27,34
key81,7,21,29
key82,13,18,14
key83,13,20,30
key84,0,10,5
key85,18,22,15
key86,0,23,23
key87,12,11,35
key88,16,11,21
key89,5,9,36
key90,0,16,25
key91,19,26,7
key92,9,15,38
key93,10,15,13
key94,19,27,13
key95,2,13,18
key96,18,25,9
key97,13,12,24
key98,9,19,9
key99,18,0,13
key100,5,29,10
key101,15,17,22
key102,9,22,30
key103,8,4,9
key104,10,19,21
key105,7,20,30
key106,13,13,6
key107,5,13,30
key108,9,13,15
key109,12,7,4
key110,12,14,29
key111,3,22,1
key112,18,25,28
key113,18,26,20
key114,9,11,38
key115,13,27,6
key116,15,29,19
key117,3,24,21
key118,10,20,14
key119,2,19,19
key120,9,26,37
key121,14,8,5
key122,16,1,37
key123,1,24,29
key124,8,9,7
key125,19,3,2
key126,12,7,15
key127,7,3,34
key128,11,22,36
key129,20,29,37
key130,11,11,15
key131,8,3,7
key132,4,1,14
key133,12,25,26
key134,2,25,38
key135,1,26,5
key136,6,19,21
key137,18,27,21
key138,9,6,6
key139,4,10,6
key140,0,26,13
key141,14,1,5
key142,16,23,34
key143,19,14,17
key144,4,19,37
key145,16,14,8
key146,6,11,16
key147,15,26,40
key148,9,29,38
key149,13,13,3
key150,12,30,20
key151,12,10,4
key152,12,5,38
key153,3,25,36
key154,4,4,17
key155,11,10,34
key156,10,20,11
key157,20,20,31
key158,5,3,8
key159,5,22,30
key160,18,13,8
key161,6,10,38
key162,14,5,5
key163,14,4,27
key164,20,24,13
key165,17,22,38
key166,12,7,36
key167,19,4,39
key168,3,12,27
key169,5,21,5
key170,17,14,20
key171,12,22,6
key172,6,14,36
key173,16,18,24
key174,12,19,8
key175,16,2,21
key176,11,21,26
key177,7,9,29
key178,6,18,36
key179,9,18,25
key180,8,18,33
key181,19,16,19
key182,4,18,35
key183,5,1,24
key184,7,10,5
key185,8,5,29
key186,5,4,2
key187,1,28,15
key188,17,26,2
key189,4,14,4
key190,13,7,24
key191,7,16,17
key192,10,9,28
key193,5,6,27
key194,9,13,11
key195,13,3,39
key196,6,17,30
key197,19,9,7
key198,6,16,30
key199,2,8,28
key200,14,9,39
key201,3,19,0
key202,4,13,1
key203,6,17,6
key204,6,17,14
key205,2,4,27
key206,6,29,28
key207,19,26,22
key208,7,27,19
key209,5,12,17
key210,20,16,34
key211,3,18,40
key212,9,24,38
key213,14,23,1
key214,12,4,12
key215,11,12,3
key216,2,23,19
key217,15,21,11
key218,5,18,22
key219,3,29,25
key220,8,2,29
key221,11,16,33
key222,1,24,5
key223,19,4,6
key224,19,2,39
key225,15,2,13
key226,15,1,23
key227,0,12,2
key228,18,7,21
key229,6,13,33
key230,13,25,7
key231,20,29,26
key232,1,25,11
key233,11,26,37
key234,11,18,32
key235,15,23,4
key236,15,7,22
key237,5,18,0
key238,12,20,30
key239,2,22,4
key240,7,26,36
key241,2,8,25
key242,6,4,38
key243,7,1,12
key244,18,11,2
key245,10,23,19
key246,13,17,40
key247,11,6,34
key248,16,17,36
key249,13,14,14
key250,6,3,36
key251,4,9,2
key252,12,24,29
key253,7,18,22
key254,13,16,33
key255,5,4,25
key256,12,20,9
key257,20,21,31
key258,12,11,29
key259,12,24,19
key260,18,3,32
key261,13,5,32
key262,12,8,26
key263,5,4,14
key264,1,30,18
key265,4,7,4
key266,20,29,36
key267,18,27,1
key268,10,18,26
key269,19,6,17
key270,19,28,11
key271,15,24,35
key272,19,23,32
key273,16,4,5
key274,1,23,2
key275,3,8,33
key276,13,29,23
key277,5,6,26
key278,10,19,37
key279,6,8,26
key280,18,28,33
key281,3,7,32
key282,10,29,7
key283,1,20,17
key284,4,6,1
key285,18,2,9
key286,16,28,21
key287,4,27,40
key288,11,16,12
key289,12,26,33
key290,17,22,0
key291,8,3,33
key292,2,10,34
key293,10,24,20
key294,8,9,14
key295,1,1,17
key296,1,25,27
key297,17,0,16
key298,13,21,23
key299,0,25,1
key300,9,29,30
key301,8,7,16
key302,8,27,2
key303,1,20,19
key304,17,16,34
key305,2,20,22
key306,16,25,32
key307,16,27,2
key308,12,6,15
key309,16,12,37
key310,6,29,2
key311,1,19,8
key312,10,11,36
key313,4,16,20
key314,12,16,4
key315,15,10,1
key316,4,8,8
key317,15,26,14
key318,7,28,38
key319,7,11,4
key320,17,27,34
key321,5,21,37
key322,5,30,38
key323,17,30,10
key324,5,4,23
key325,16,1,11
key326,15,22,21
key327,8,29,4
key328,2,22,7
key329,7,15,0
key330,13,15,4
key331,10,24,22
key332,14,14,21
key333,9,2,37
key334,12,7,29
key335,1,11,7
key336,6,21,18
key337,16,25,14
key338,19,1,35
key339,1,22,31
key340,15,1,3
key341,6,11,2
key342,12,7,19
key343,6,29,11
key344,8,5,1
key345,19,13,35
key346,16,27,15
key347,12,11,17
key348,12,22,29
key349,11,1,25
key350,6,21,12
key351,15,22,18
key352,13,18,6
key353,3,16,29
key354,1,5,35
key355,17,1,12
key356,4,26,16
key357,5,19,20
key358,17,23,37
key359,11,2,27
key360,18,23,3
key361,2,22,11
key362,20,10,35
key363,20,11,0
key364,15,0,17
key365,15,3,9
key366,17,14,5
key367,14,0,6
key368,19,25,35
key369,11,6,27
key370,18,24,36
key371,3,12,1
key372,11,7,22
key373,18,22,38
key374,6,1,13
key375,1,14,31
key376,9,28,26
key377,3,17,22
key378,14,7,39
key379,17,27,28
key380,1,27,18
key381,4,17,13
key382,9,25,23
key383,13,2,28
key384,8,21,8
key385,0,9,24
key386,15,10,27
key387,18,5,32
key388,16,18,13
key389,15,7,37
key390,5,7,16
key391,14,23,15
key392,3,12,33
key393,18,8,8
key394,17,11,38
key395,4,25,39
key396,6,6,34
key397,4,24,35
key398,7,0,29
key399,9,7,32
key400,11,5,34
key401,7,3,35
key402,14,15,27
key403,4,15,20
key404,18,22,19
key405,8,21,21
key406,1,11,37
key407,7,12,18
key408,6,15,10
key409,8,27,30
key410,4,16,30
key411,13,28,23
key412,17,9,2
key413,5,13,21
key414,12,23,10
key415,19,18,1
key416,9,7,19
key417,7,13,18
key418,2,6,5
key419,3,11,28
key420,1,8,13
key421,17,12,39
key422,1,20,0
key423,4,7,16
key424,3,10,39
key425,19,3,18
key426,15,0,37
key427,3,15,35
key428,9,24,23
key429,18,7,29
key430,7,0,2
key431,14,12,27
key432,3,1,2
key433,14,24,40
key434,18,17,33
key435,17,16,34
key436,16,5,10
key437,15,14,0
key438,16,24,11
key439,19,9,24
key440,11,18,38
key441,2,26,25
key442,10,2,40
key443,2,11,39
key444,2,17,24
key445,7,19,29
key446,6,3,8
key447,3,15,32
key448,19,20,37
key449,12,5,38
key450,20,16,4
key451,13,22,11
key452,2,0,3
key453,13,3,39
key454,3,24,7
key455,12,22,8
key456,1,16,31
key457,10,24,35
key458,16,11,11
key459,18,22,8
key460,8,27,11
key461,19,17,11
key462,2,12,38
key463,20,1,19
key464,2,15,6
key465,1,5,34
key466,9,26,28
key467,15,12,32
key468,9,22,23
key469,10,26,9
key470,5,24,37
key471,3,24,33
key472,2,12,29
key473,18,24,10
key474,20,7,3
key475,4,10,32
key476,3,22,30
key477,10,19,29
key478,0,11,39
key479,16,22,13
key480,19,22,7
key481,2,10,1
key482,10,9,5
key483,5,18,0
key484,15,22,32
key485,15,30,15
key486,4,28,19
key487,14,25,37
key488,6,8,34
key489,7,24,21
key490,8,8,28
key491,16,9,34
key492,16,6,37
key493,17,14,34
key494,16,4,4
key495,18,15,33
key496,8,27,38
key497,5,8,32
key498,3,10,33
key499,18,22,1
key500,8,3,29
key501,10,7,14
key502,7,25,38
key503,1,12,28
key504,16,3,35
key505,14,11,3
key506,6,21,10
key507,7,18,31
key508,18,3,31
key509,4,27,12
key510,8,14,38
key511,12,15,16
key512,12,15,19
key513,15,16,31
key514,6,26,39
key515,6,22,16
key516,4,14,9
key517,6,26,2
key518,14,1,25
key519,8,14,11
key520,15,22,11
key521,5,26,36
key522,18,21,26
key523,9,16,16
key524,6,7,6
key525,1,12,17
key526,12,7,20
key527,1,23,22
key528,4,23,18
key529,19,29,8
key530,10,11,6
key531,16,30,33
key532,13,18,38
key533,18,29,11
key534,4,8,2
key535,18,27,37
key536,18,8,10
key537,4,9,35
key538,6,7,12
key539,17,7,34
key540,2,7,15
key541,11,22,37
key542,3,15,30
key543,9,23,29
key544,3,5,7
key545,6,20,31
key546,5,28,36
key547,13,6,11
key548,14,28,9
key549,19,19,14
key550,17,17,18
key551,10,21,7
key552,17,17,39
key553,19,23,31
key554,19,14,27
key555,4,9,22
key556,6,26,12
key557,17,11,1
key558,2,21,24
key559,11,12,34
key560,3,5,14
key561,19,5,4
key562,13,24,18
key563,19,30,23
key564,13,12,16
key565,17,1,2
key566,20,6,13
key567,4,5,34
key568,15,3,5
key569,9,16,3
key570,2,10,21
key571,16,2,23
key572,14,26,0
key573,12,4,24
key574,1,7,19
key575,8,11,9
key576,14,2,32
key577,18,3,32
key578,8,28,12
key579,4,12,25
key580,13,25,30
key581,17,16,1
key582,11,27,22
key583,5,28,15
key584,9,12,27
key585,15,0,29
key586,8,26,37
key587,12,12,23
key588,11,28,26
key589,14,3,30
key590,16,27,27
key591,15,8,13
key592,4,27,35
key593,16,19,29
key594,10,7,39
key595,3,6,30
key596,3,15,25
key597,5,18,21
key598,0,23,38
key599,17,6,3
key600,19,17,2
key601,7,9,39
key602,15,24,5
key603,9,0,2
key604,0,21,27
key605,7,1,18
key606,11,10,12
key607,6,26,7
key608,4,5,7
key609,18,22,16
key610,19,14,35
key611,10,28,29
key612,14,25,19
key613,16,23,40
key614,14,23,17
key615,11,14,12
key616,13,13,35
key617,1,1,28
key618,2,12,5
key619,16,1,32
key620,10,7,8
key621,3,25,21
key622,16,26,34
key623,5,20,1
key624,9,14,9
key625,19,16,12
key626,1,13,27
key627,15,17,37
key628,8,12,27
key629,16,7,34
key630,1,4,6
key631,5,25,2
key632,13,15,32
key633,12,15,16
key634,14,24,28
key635,17,9,15
key636,8,16,13
key637,6,27,29
key638,9,1,39
key639,2,17,21
key640,1,16,25
key641,17,5,7
key642,16,21,3
key643,6,23,30
key644,12,22,38
key645,14,8,31
key646,12,13,18
key647,5,22,6
key648,17,27,8
key649,7,24,27
key650,9,2,32
key651,20,20,22
key652,4,10,38
key653,16,1,40
key654,17,12,13
key655,7,16,36
key656,14,28,4
key657,17,12,8
key658,13,11,33
key659,10,16,3
key660,12,25,19
key661,10,2,9
key662,2,13,28
key663,14,20,4
key664,2,7,29
key665,15,22,12
key666,4,21,12
key667,6,24,8
key668,4,11,35
key669,10,3,38
key670,18,22,32
key671,6,8,24
key672,8,21,16
key673,20,22,33
key674,10,5,3
key675,12,13,19
key676,8,26,15
key677,8,5,6
key678,10,12,5
key679,4,13,24
key680,14,24,21
key681,16,2,16
key682,18,8,4
key683,12,25,5
key684,0,4,4
key685,19,8,18
key686,8,6,2
key687,11,2,14
key688,20,27,26
key689,8,2,37
key690,13,23,8
key691,5,6,1
key692,13,14,9
key693,16,1,5
key694,5,15,9
key695,17,18,29
key696,15,6,32
key697,16,5,33
key698,1,11,14
key699,7,19,36
key700,3,27,29
key701,18,10,12
key702,20,10,16
key703,8,10,30
key704,2,5,37
key705,14,18,8
key706,19,4,25
key707,6,13,25
key708,7,14,39
key709,8,11,15
key710,1,18,29
key711,10,25,31
key712,2,12,18
key713,9,2,9
key714,8,29,17
key715,2,9,38
key716,2,11,40
key717,16,12,12
key718,9,23,15
key719,18,24,35
key720,3,25,40
key721,14,22,26
key722,11,27,9
key723,13,24,29
key724,7,20,11
key725,6,3,36
key726,18,19,33
key727,1,10,39
key728,4,19,35
key729,18,27,25
key730,4,17,36
key731,4,6,27
key732,17,6,27
key733,2,20,7
key734,19,17,12
key735,19,9,16
key736,20,12,33
key737,12,9,32
key738,8,0,29
key739,0,4,13
key740,16,5,39
key741,6,9,36
key742,9,16,27
key743,4,3,37
key744,16,1,15
key745,19,19,13
key746,2,22,0
key747,11,20,22
key748,16,13,38
key749,3,6,12
key750,5,28,33
key751,2,7,9
key752,10,20,37
key753,15,15,25
key754,14,25,25
key755,1,7,34
key756,4,16,8
key757,20,22,23
key758,13,4,19
key759,15,15,14
key760,13,2,11
key761,19,9,35
key762,9,2,24
key763,18,8,28
key764,15,4,30
key765,11,28,28
key766,20,0,14
key767,14,12,6
key768,1,28,36
key769,19,20,33
key770,18,18,18
key771,11,26,38
key772,16,5,13
key773,8,14,36
key774,3,13,14
key775,12,17,37
key776,11,5,27
key777,7,17,36
key778,9,25,38
key779,10,6,21
key780,14,23,37
key781,9,25,40
key782,16,5,2
key783,10,15,36
key784,6,22,5
key785,15,13,6
key786,12,7,37
key787,20,5,3
key788,4,10,5
key789,1,24,33
key790,4,0,19
key791,19,9,25
key792,19,18,32
key793,8,10,30
key794,10,6,20
key795,18,1,32
key796,9,5,2
key797,6,7,18
key798,16,9,20
key799,13,20,39
key800,12,29,17
key801,5,27,31
key802,10,15,9
key803,3,17,21
key804,10,24,19
key805,4,5,13
key806,11,26,11
key807,10,25,22
key808,6,12,30
key809,4,29,10
key810,19,12,10
key811,10,19,4
key812,16,9,26
key813,5,17,39
key814,13,29,34
key815,3,15,3
key816,17,16,15
key817,14,12,35
key818,19,20,15
key819,15,0,6
key820,1,9,37
key821,0,27,23
key822,4,30,5
key823,9,7,29
key824,2,10,33
key825,12,13,6
key826,10,2,25
key827,5,14,16
key828,20,23,16
key829,2,5,30
key830,13,8,7
key831,9,5,10
key832,10,7,9
key833,7,21,5
key834,7,0,16
key835,13,5,18
key836,14,2,20
key837,7,9,19
key838,15,11,11
key839,9,12,14
key840,10,20,26
key841,19,14,33
key842,16,9,31
key843,12,24,32
key844,9,6,30
key845,19,19,27
key846,8,8,14
key847,13,25,31
key848,16,14,7
key849,2,18,31
key850,20,2,27
key851,15,3,35
key852,10,12,25
key853,1,22,6
key854,4,27,17
key855,5,8,16
key856,14,22,10
key857,19,3,23
key858,9,1,15
key859,1,25,10
key860,0,0,30
key861,4,10,8
key862,3,15,2
key863,6,4,7
key864,2,22,24
key865,18,2,37
key866,11,24,14
key867,17,3,12
key868,1,2,23
key869,14,17,2
key870,15,3,33
key871,17,3,34
key872,0,13,29
key873,5,6,2
key874,9,25,13
key875,17,15,0
key876,14,8,39
key877,6,1,2
key878,20,7,28
key879,14,14,14
key880,7,29,40
key881,12,18,8
key882,1,23,4
key883,19,6,37
key884,7,2,0
key885,0,11,31
key886,4,6,30
key887,4,28,29
key888,16,18,2
key889,4,2,39
key890,5,29,11
key891,2,13,28
key892,10,2,9
key893,10,20,18
key894,7,15,12
key895,13,26,36
key896,19,6,31
key897,15,29,20
key898,17,26,2
key899,7,28,8
key900,17,22,30
key901,9,30,17
key902,14,6,18
key903,9,13,19
key904,10,18,19
key905,2,3,35
key906,13,17,19
key907,3,15,10
key908,14,2,4
key909,14,5,7
key910,1,19,25
key911,8,11,28
key912,16,23,4
key913,8,29,27
key914,6,19,21
key915,15,26,16
key916,6,24,24
key917,14,18,19
key918,9,17,16
key919,16,27,30
key920,18,18,35
key921,8,20,11
key922,6,17,22
key923,13,25,28
key924,19,2,27
key925,19,8,35
key926,9,17,18
key927,13,19,31
key928,0,10,8
key929,18,14,27
key930,4,5,20
key931,19,10,7
key932,7,24,25
key933,13,22,2
key934,9,15,27
key935,2,4,31
key936,9,4,25
key937,9,20,10
key938,18,28,1
key939,16,8,29
key940,5,17,8
key941,3,26,17
key942,14,23,25
key943,15,9,32
key944,7,17,35
key945,14,4,12
key946,11,16,11
key947,4,23,34
key948,12,3,3
key949,9,7,29
key950,3,11,34
key951,1,8,33
key952,7,12,11
key953,17,14,28
key954,17,8,28
key955,6,29,4
key956,12,13,1
key957,6,11,19
key958,11,7,38
key959,20,3,21
key960,1,27,23
key961,10,5,14
key962,18,25,33
key963,4,17,9
key964,1,4,6
key965,4,11,23
key966,6,13,19
key967,17,21,18
key968,13,19,22
key969,5,10,33
key970,0,12,10
key971,18,24,11
key972,5,5,30
key973,12,4,2
key974,6,8,35
key975,15,20,20
key976,5,19,16
key977,1,19,16
key978,5,28,16
key979,20,10,12
key980,2,9,19
key981,8,11,1
key982,5,7,22
key983,9,8,40
key984,7,5,34
key985,13,3,26
key986,17,3,8
key987,17,12,13
key988,8,4,19
key989,6,14,31
key990,18,24,39
key991,6,14,33
key992,18,7,21
key993,17,27,21
key994,18,25,26
key995,18,20,3
key996,6,10,6
key997,11,2,27
key998,3,5,20
key999,20,26,25
key1000,7,11,29
key1001,0,14,34
key1002,3,18,40
key1003,17,16,36
key1004,3,24,5
key1005,8,13,26
key1006,7,27,31
key1007,12,6,29
key1008,16,11,33
key1009,2,7,15
key1010,0,16,4
key1011,11,24,24
key1012,6,0,26
key1013,13,15,7
key1014,9,26,18
key1015,3,26,1
key1016,19,14,4
key1017,16,6,26
key1018,1,18,9
key1019,10,10,38
key1020,2,27,16
key1021,6,28,26
key1022,5,28,29
key1023,11,6,18
key1024,13,12,4
key1025,9,16,31
key1026,9,26,4
key1027,2,4,7
key1028,14,30,28
key1029,3,26,29
key1030,9,2,33
key1031,1,10,32
key1032,19,11,25
key1033,13,4,40
key1034,1,28,23
key1035,5,18,32
key1036,2,22,1
key1037,8,26,20
key1038,4,5,24
key1039,14,22,34
key1040,15,12,34
key1041,6,6,3
key1042,18,18,37
key1043,10,17,12
key1044,18,25,31
key1045,7,11,17
key1046,20,20,29
key1047,17,13,22
key1048,14,13,2
key1049,10,0,34
key1050,13,28,21
key1051,17,17,36
key1052,4,7,24
key1053,18,7,5
key1054,1,13,10
key1055,9,28,40
key1056,6,7,27
key1057,13,11,13
key1058,17,18,3
key1059,3,2,21
key1060,4,14,0
key1061,7,26,8
key1062,6,16,5
key1063,10,5,17
key1064,11,23,19
key1065,1,20,7
key1066,10,22,15
key1067,2,29,29
key1068,13,27,39
key1069,12,14,13
key1070,5,19,0
key1071,13,28,23
key1072,8,17,16
key1073,13,25,22
key1074,13,15,21
key1075,8,14,28
key1076,12,15,9
key1077,12,5,21
key1078,0,14,31
key1079,7,25,35
key1080,20,11,16
key1081,9,10,25
key1082,10,25,11
key1083,14,25,10
key1084,12,18,2
key1085,11,15,5
key1086,9,8,6
key1087,17,15,7
key1088,9,5,24
key1089,2,5,6
key1090,2,8,17
key1091,13,1,8
key1092,7,12,10
key1093,11,11,14
key1094,12,1,22
key1095,1,24,21
key1096,16,19,7
key1097,18,7,32
key1098,9,20,5
key1099,7,1,10
key1100,3,1,35
key1101,2,24,25
key1102,15,19,34
key1103,14,12,31
key1104,19,19,20
key1105,6,18,23
key1106,11,4,29
key1107,15,26,12
key1108,14,20,6
key1109,15,3,21
key1110,16,1,5
key1111,6,17,32
key1112,7,7,4
key1113,8,18,17
key1114,17,3,40
key1115,17,11,27
key1116,16,21,24
key1117,8,17,36
key1118,14,11,1
key1119,1,17,8
key1120,0,1,11
key1121,19,12,16
key1122,13,4,3
key1123,16,13,32
key1124,9,2,3
key1125,4,15,14
key1126,8,11,6
key1127,7,23,25
key1128,15,11,13
key1129,2,20,5
key1130,5,9,5
key1131,10,20,14
key1132,4,2,33
key1133,6,10,21
key1134,1,20,13
key1135,6,19,11
key1136,12,28,30
key1137,11,3,17
key1138,15,28,7
key1139,10,27,20
key1140,3,6,36
key1141,4,16,24
key1142,18,7,32
key1143,0,1,37
key1144,18,2,28
key1145,17,15,38
key1146,5,24,29
key1147,0,16,21
key1148,5,13,25
key1149,16,22,15
key1150,9,5,24
key1151,1,9,23
key1152,16,6,5
key1153,11,12,23
key1154,6,26,24
key1155,14,16,24
key1156,12,4,10
key1157,20,25,16
key1158,5,9,37
key1159,2,11,24
key1160,2,28,37
key1161,16,2,6
key1162,17,23,27
key1163,17,5,5
key1164,9,25,6
key1165,10,4,23
key1166,5,6,5
key1167,12,16,21
key1168,15,27,6
key1169,5,14,38
key1170,16,29,28
key1171,17,13,6
key1172,8,11,37
key1173,1,5,29
key1174,5,7,3
key1175,20,28,25
key1176,18,4,7
key1177,4,15,37
key1178,17,22,26
key1179,1,19,0
key1180,2,7,7
key1181,2,27,29
key1182,10,5,33
key1183,15,25,26
key1184,14,22,5
key1185,11,13,13
key1186,6,8,35
key1187,2,29,35
key1188,1,2,33
key1189,19,3,37
key1190,0,15,31
key1191,17,25,33
key1192,10,13,7
key1193,1,11,10
key1194,8,25,14
key1195,20,11,31
key1196,0,29,29
key1197,9,18,19
key1198,11,13,16
key1199,14,28,32
key1200,11,3,30
key1201,4,26,0
key1202,18,13,6
key1203,15,4,6
key1204,7,15,7
key1205,2,17,37
key1206,15,9,24
key1207,8,1,9
key1208,9,21,28
key1209,19,8,29
key1210,20,17,22
key1211,12,8,12
key1212,16,16,12
key1213,18,11,32
key1214,7,1,9
key1215,17,20,23
key1216,18,15,18
key1217,3,28,19
key1218,19,7,25
key1219,15,17,10
key1220,19,4,33
key1221,12,25,11
key1222,8,10,22
key1223,7,10,2
key1224,7,19,33
key1225,6,17,25
key1226,16,25,18
key1227,6,17,18
key1228,15,18,27
key1229,10,3,22
key1230,14,29,20
key1231,11,25,28
key1232,19,3,32
key1233,5,11,26
key1234,5,29,39
key1235,7,24,29
key1236,10,20,1
key1237,16,4,26
key1238,9,12,1
key1239,5,22,40
key1240,17,27,31
key1241,1,6,10
key1242,6,25,36
key1243,8,23,11
key1244,10,8,37
key1245,20,22,15
key1246,0,9,15
key1247,15,4,30
key1248,3,11,3
key1249,2,18,4
key1250,6,4,35
key1251,12,0,6
key1252,7,9,26
key1253,12,15,36
key1254,1,4,29
key1255,6,5,11
key1256,18,29,28
key1257,16,8,5
key1258,17,6,10
key1259,15,25,14
key1260,17,19,23
key1261,16,16,13
key1262,1,21,32
key1263,18,15,24
key1264,18,2,5
key1265,8,4,33
key1266,19,18,30
key1267,7,18,36
key1268,19,17,24
key1269,4,30,2
key1270,19,10,36
key1271,9,15,22
key1272,17,24,22
key1273,17,13,14
key1274,1,27,29
key1275,6,15,24
key1276,7,14,13
key1277,2,26,29
key1278,13,16,14
key1279,13,8,9
key1280,19,30,29
key1281,19,16,27
key1282,13,10,8
key1283,20,22,9
key1284,12,16,4
key1285,5,21,6
key1286,17,27,17
key1287,12,7,3
key1288,9,18,33
key1289,1,23,33
key1290,9,10,26
key1291,4,17,13
key1292,0,25,33
key1293,0,11,4
key1294,4,18,12
key1295,2,19,8
key1296,14,12,16
key1297,4,23,38
key1298,2,3,4
key1299,8,14,21
key1300,18,19,35
key1301,19,22,17
key1302,4,17,36
key1303,13,5,35
key1304,8,2,21
key1305,9,26,30
key1306,13,2,25
key1307,11,15,18
key1308,13,1,28
key1309,13,4,13
key1310,16,22,31
key1311,5,5,7
key1312,8,0,40
key1313,19,10,11
key1314,11,24,34
key1315,1,20,8
key1316,3,6,6
key1317,5,23,31
key1318,9,22,27
key1319,18,6,31
key1320,12,11,13
key1321,12,14,36
key1322,20,8,26
key1323,4,24,30
key1324,17,19,32
key1325,5,10,4
key1326,16,3,28
key1327,16,13,10
key1328,7,9,35
key1329,12,23,1
key1330,8,13,25
key1331,0,13,8
key1332,2,20,25
key1333,8,2,19
key1334,16,23,20
key1335,18,6,3
key1336,20,7,18
key1337,3,7,24
key1338,14,27,31
key1339,12,9,9
key1340,19,24,11
key1341,10,2,33
key1342,19,10,28
key1343,2,9,21
key1344,17,15,26
key1345,2,14,27
key1346,0,6,26
key1347,12,2,7
key1348,7,25,21
key1349,9,14,20
key1350,1,4,19
key1351,15,29,30
key1352,3,13,5
key1353,14,0,20
key1354,15,14,36
key1355,3,6,9
key1356,16,2,8
key1357,7,9,39
key1358,16,10,22
key1359,15,28,26
key1360,11,14,2
key1361,3,8,37
key1362,4,29,37
key1363,6,24,28
key1364,13,18,16
key1365,1,11,9
key1366,5,14,29
key1367,14,6,32
key1368,16,3,19
key1369,7,28,26
key1370,12,5,21
key1371,18,29,21
key1372,6,8,28
key1373,2,6,16
key1374,19,6,15
key1375,10,24,20
key1376,15,15,10
key1377,19,16,9
key1378,3,28,25
key1379,4,4,10
key1380,4,29,22
key1381,20,9,1
key1382,18,6,7
key1383,10,5,14
key1384,15,7,38
key1385,6,29,13
key1386,9,8,25
key1387,10,14,13
key1388,4,14,37
key1389,2,23,0
key1390,14,18,37
key1391,15,15,25
key1392,8,10,7
key1393,12,7,16
key1394,16,25,40
key1395,12,13,8
key1396,17,21,7
key1397,0,17,29
key1398,18,13,5
key1399,5,9,28
key1400,15,2,35
key1401,16,25,5
key1402,5,5,14
key1403,9,4,15
key1404,10,26,16
key1405,8,24,39
key1406,8,25,30
key1407,6,9,1
key1408,20,5,28
key1409,9,7,15
key1410,19,27,9
key1411,10,4,39
key1412,6,19,26
key1413,4,16,35
key1414,1,25,27
key1415,13,26,14
key1416,19,22,5
key1417,13,5,37
key1418,7,6,2
key1419,16,1,26
key1420,5,26,28
key1421,13,19,26
key1422,16,30,25
key1423,0,2,8
key1424,2,12,2
key1425,12,15,30
key1426,1,28,3
key1427,2,3,8
key1428,16,12,3
key1429,4,14,28
key1430,6,5,36
key1431,9,29,19
key1432,1,6,18
key1433,1,2,35
key1434,16,15,30
key1435,12,18,33
key1436,4,7,34
key1437,3,9,22
key1438,10,22,14
key1439,10,16,1
key1440,7,8,20
key1441,4,13,10
key1442,5,30,16
key1443,11,21,4
key1444,20,4,35
key1445,5,11,2
key1446,17,8,5
key1447,19,24,29
key1448,1,7,29
key1449,11,25,7
key1450,16,5,13
key1451,8,12,1
key1452,2,28,12
key1453,18,5,28
key1454,1,16,24
key1455,11,24,25
key1456,0,5,31
key1457,8,30,23
key1458,18,25,34
key1459,15,17,9
key1460,2,24,25
key1461,13,13,15
key1462,17,4,23
key1463,8,26,9
key1464,0,29,33
key1465,14,30,33
key1466,6,8,1
key1467,8,6,3
key1468,12,8,21
key1469,15,26,2
key1470,5,24,17
key1471,12,26,5
key1472,1,20,6
key1473,5,9,13
key1474,1,7,34
key1475,1,10,17
key1476,18,6,26
key1477,6,19,39
key1478,16,18,5
key1479,17,13,1
key1480,15,28,37
key1481,0,30,7
key1482,20,8,36
key1483,20,12,26
key1484,2,15,3
key1485,3,5,24
key1486,14,30,27
key1487,17,12,35
key1488,10,12,17
key1489,6,25,36
key1490,20,12,26
key1491,13,8,37
key1492,2,27,28
key1493,11,18,36
key1494,12,18,6
key1495,15,21,37
key1496,1,27,19
key1497,5,4,5
key1498,3,14,14
key1499,3,22,6
key1500,7,20,11
key1501,19,18,34
key1502,9,16,14
key1503,3,8,6
key1504,3,25,35
key1505,2,22,16
key1506,11,2,33
key1507,18,22,24
key1508,19,16,3
key1509,10,6,13
key1510,11,11,37
key1511,6,3,27
key1512,5,25,35
key1513,13,7,12
key1514,7,30,33
key1515,7,29,11
key1516,19,12,18
key1517,17,18,32
key1518,6,29,19
key1519,17,8,8
key1520,11,14,36
key1521,18,1,2
key1522,3,15,1
key1523,17,22,11
key1524,15,6,40
key1525,4,27,26
key1526,6,12,15
key1527,4,21,2
key1528,10,16,38
key1529,2,14,29
key1530,1,29,33
key1531,20,25,39
key1532,12,21,21
key1533,3,13,12
key1534,10,26,14
key1535,6,11,17
key1536,17,23,14
key1537,8,2,18
key1538,20,1,24
key1539,16,25,33
key1540,4,4,21
key1541,1,19,34
key1542,18,26,3
key1543,5,27,35
key1544,19,24,8
key1545,3,24,5
key1546,14,17,26
key1547,0,27,37
key1548,7,6,26
key1549,1,11,14
key1550,17,8,18
key1551,8,2,28
key1552,8,4,11
key1553,2,12,11
key1554,16,21,7
key1555,5,13,9
key1556,16,16,30
key1557,10,15,23
key1558,10,10,17
key1559,3,18,24
key1560,12,1,24
key1561,19,20,26
key1562,6,2,34
key1563,10,19,36
key1564,17,2,18
key1565,15,10,27
key1566,10,15,7
key1567,11,19,22
key1568,3,23,29
key1569,19,12,21
key1570,12,22,8
key1571,10,9,37
key1572,8,26,13
key1573,4,29,30
key1574,2,8,14
key1575,8,17,6
key1576,19,14,36
key1577,8,4,24
key1578,1,29,10
key1579,1,9,39
key1580,9,26,9
key1581,12,7,8
key1582,2,13,39
key1583,11,29,38
key1584,7,28,7
key1585,17,19,19
key1586,15,11,22
key1587,7,22,36
key1588,14,0,21
key1589,5,19,36
key1590,17,3,26
key1591,5,2,11
key1592,10,26,11
key1593,8,6,40
key1594,5,24,36
key1595,1,5,32
key1596,1,26,13
key1597,19,1,37
key1598,14,3,2
key1599,10,22,40
key1600,19,28,37
key1601,16,17,27
key1602,4,10,13
key1603,9,20,10
key1604,18,10,33
key1605,10,24,17
key1606,8,24,1
key1607,9,0,12
key1608,16,4,33
key1609,9,20,23
key1610,13,9,32
key1611,20,15,38
key1612,16,21,16
key1613,4,30,15
key1614,19,7,17
key1615,8,0,31
key1616,18,4,16
key1617,2,20,14
key1618,6,1,25
key1619,2,9,4
key1620,3,6,21
key1621,17,20,2
key1622,7,24,15
key1623,18,3,30
key1624,5,17,29
key1625,7,7,29
key1626,5,22,19
key1627,12,4,28
key1628,6,6,12
key1629,13,24,4
key1630,12,19,6
key1631,5,25,24
key1632,0,2,13
key1633,3,20,3
key1634,5,18,1
key1635,10,10,3
key1636,4,10,29
key1637,2,6,7
key1638,11,6,14
key1639,10,29,17
key1640,11,22,13
key1641,0,5,21
key1642,3,7,6
key1643,5,11,5
key1644,16,15,26
key1645,6,22,36
key1646,19,25,13
key1647,15,28,31
key1648,6,15,11
key1649,3,25,5
key1650,17,6,3
key1651,10,4,37
key1652,13,8,38
key1653,1,28,34
key1654,19,28,27
key1655,4,19,8
key1656,18,1,11
key1657,9,27,26
key1658,17,1,9
key1659,2,11,22
key1660,4,14,18
key1661,14,11,3
key1662,15,19,34
key1663,4,5,1
key1664,18,8,23
key1665,13,24,7
key1666,13,24,15
key1667,1,14,35
key1668,11,6,12
key1669,9,30,3
key1670,2,17,5
key1671,9,27,5
key1672,17,17,27
key1673,11,12,32
key1674,18,6,32
key1675,9,23,31
key1676,20,0,27
key1677,6,23,1
key1678,19,8,38
key1679,0,10,7
key1680,19,29,35
key1681,11,15,29
key1682,15,29,12
key1683,14,26,0
key1684,1,29,25
key1685,2,1,22
key1686,11,4,39
key1687,6,29,1
key1688,2,3,25
key1689,16,27,28
key1690,18,25,12
key1691,20,11,5
key1692,6,9,34
key1693,7,21,13
key1694,20,22,14
key1695,17,17,28
key1696,15,28,6
key1697,4,9,28
key1698,7,14,3
key1699,0,16,24
key1700,1,16,30
key1701,15,16,13
key1702,9,25,16
key1703,4,11,3
key1704,2,21,9
key1705,16,22,35
key1706,4,14,38
key1707,12,16,37
key1708,5,1,34
key1709,15,2,2
key1710,14,23,12
key1711,1,17,2
key1712,10,25,30
key1713,3,15,37
key1714,8,24,4
key1715,9,8,36
key1716,15,5,30
key1717,7,30,9
key1718,10,29,3
key1719,19,28,4
key1720,0,14,2
key1721,12,24,18
key1722,12,18,29
key1723,2,22,27
key1724,12,10,24
key1725,5,14,32
key1726,15,11,37
key1727,1,24,22
key1728,3,18,33
key1729,13,15,3
key1730,8,21,28
key1731,7,6,30
key1732,15,9,12
key1733,0,17,22
key1734,9,4,36
key1735,2,25,36
key1736,1,4,20
key1737,18,27,28
key1738,6,4,15
key1739,4,15,17
key1740,10,4,19
key1741,18,12,26
key1742,7,6,35
key1743,2,15,9
key1744,6,22,24
key1745,19,27,38
key1746,3,11,5
key1747,16,18,6
key1748,19,27,35
key1749,4,19,26
key1750,11,27,31
key1751,11,20,10
key1752,12,10,3
key1753,3,26,6
key1754,14,8,3
key1755,12,12,8
key1756,16,17,40
key1757,14,26,33
key1758,9,7,10
key1759,0,19,4
key1760,12,7,40
key1761,18,17,8
key1762,9,19,7
key1763,19,11,20
key1764,8,21,6
key1765,1,23,13
key1766,15,9,28
key1767,11,29,3
key1768,15,5,3
key1769,19,17,18
key1770,17,3,39
key1771,9,28,10
key1772,1,2,39
key1773,9,21,13
key1774,6,19,16
key1775,11,4,35
key1776,16,30,16
key1777,8,8,0
key1778,1,18,33
key1779,5,13,36
key1780,17,10,15
key1781,15,20,25
key1782,6,2,10
key1783,10,17,0
key1784,16,11,20
key1785,15,9,6
key1786,14,7,37
key1787,3,28,25
key1788,6,19,34
key1789,17,16,17
key1790,10,20,34
key1791,18,24,21
key1792,7,8,23
key1793,6,29,19
key1794,13,23,5
key1795,19,10,14
key1796,9,5,5
key1797,16,0,10
key1798,17,16,12
key1799,7,29,18
key1800,15,4,12
key1801,20,4,25
key1802,19,7,19
key1803,5,29,21
key1804,4,29,36
key1805,14,7,8
key1806,18,24,34
key1807,11,16,2
key1808,17,15,39
key1809,6,20,7
key1810,10,22,31
key1811,10,19,9
key1812,12,16,12
key1813,12,12,28
key1814,10,7,31
key1815,16,26,30
key1816,11,22,12
key1817,1,15,38
key1818,11,13,28
key1819,9,22,10
key1820,6,7,31
key1821,18,23,23
key1822,9,23,6
key1823,5,19,17
key1824,10,15,17
key1825,1,16,4
key1826,15,12,17
key1827,7,14,28
key1828,8,2,2
key1829,2,30,10
key1830,12,13,38
key1831,11,15,29
key1832,8,16,2
key1833,1,28,33
key1834,19,26,9
key1835,0,17,26
key1836,16,13,5
key1837,10,9,11
key1838,14,2,8
key1839,9,14,2
key1840,1,24,4
key1841,18,25,0
key1842,3,16,35
key1843,1,12,39
key1844,16,27,17
key1845,20,16,22
key1846,2,18,39
key1847,17,5,2
key1848,17,9,36
key1849,8,5,0
key1850,7,19,19
key1851,19,5,10
key1852,4,19,12
key1853,3,9,25
key1854,12,13,16
key1855,13,6,21
key1856,6,27,12
key1857,5,28,1
key1858,12,21,1
key1859,19,14,17
key1860,6,23,9
key1861,17,20,15
key1862,2,12,27
key1863,15,6,10
key1864,10,9,35
key1865,4,25,21
key1866,14,11,26
key1867,14,18,13
key1868,13,12,9
key1869,19,18,39
key1870,2,17,13
key1871,20,19,33
key1872,14,3,22
key1873,11,11,15
key1874,0,13,40
key1875,13,2,17
key1876,17,10,31
key1877,13,24,12
key1878,19,19,4
key1879,17,18,8
key1880,9,7,2
key1881,13,7,32
key1882,15,5,5
key1883,12,28,8
key1884,3,15,10
key1885,8,21,35
key1886,5,7,40
key1887,2,20,15
key1888,17,1,24
key1889,1,25,21
key1890,0,3,4
key1891,7,18,38
key1892,2,21,27
key1893,12,20,38
key1894,17,0,20
key1895,10,14,23
key1896,14,20,15
key1897,3,26,28
key1898,4,27,25
key1899,13,29,30
key1900,11,17,37
key1901,16,15,31
key1902,7,11,40
key1903,10,28,3
key1904,4,3,21
key1905,13,7,9
key1906,2,12,27
key1907,3,22,6
key1908,16,4,13
key1909,13,19,30
key1910,5,9,26
key1911,9,16,6
key1912,14,0,14
key1913,19,24,39
key1914,9,17,2
key1915,16,6,34
key1916,19,19,24
key1917,10,21,38
key1918,15,23,14
key1919,1,27,38
key1920,6,28,19
key1921,2,27,16
key1922,2,23,34
key1923,12,24,16
key1924,19,16,25
key1925,3,11,34
key1926,14,6,30
key1927,6,16,25
key1928,6,0,35
key1929,18,7,5
key1930,12,6,7
key1931,10,13,30
key1932,11,21,9
key1933,15,16,39
key1934,14,16,36
key1935,1,25,7
key1936,0,3,19
key1937,3,15,34
key1938,10,19,30
key1939,9,17,0
key1940,11,27,38
key1941,15,28,32
key1942,14,21,30
key1943,3,0,15
key1944,9,27,3
key1945,2,9,19
key1946,3,0,14
key1947,3,20,34
key1948,2,16,19
key1949,0,6,38
key1950,11,21,23
key1951,1,17,33
key1952,15,24,8
key1953,0,2,25
key1954,11,1,11
key1955,16,15,30
key1956,11,10,23
key1957,6,17,21
key1958,19,16,27
key1959,11,25,17
key1960,19,7,34
key1961,10,14,25
key1962,5,26,17
key1963,17,10,25
key1964,14,13,34
key1965,10,26,7
key1966,5,14,3
key1967,11,2,38
key1968,20,8,9
key1969,2,23,38
key1970,1,2,38
key1971,8,11,18
key1972,18,7,31
key1973,17,25,35
key1974,7,25,6
key1975,1,6,3
key1976,19,30,32
key1977,1,14,30
key1978,15,8,10
key1979,7,9,17
key1980,14,26,15
key1981,14,0,16
key1982,20,13,15
key1983,19,25,19
key1984,14,22,14
key1985,17,1,26
key1986,18,18,31
key1987,17,10,10
key1988,4,23,30
key1989,15,16,0
key1990,1,6,15
key1991,20,7,32
key1992,8,2,2
key1993,11,6,30
key1994,1,15,39
key1995,11,0,39
key1996,8,17,34
key1997,4,22,30
key1998,9,22,9
key1999,14,25,25
key2000,6,18,6
key2001,15,20,21
key2002,7,0,7
key2003,5,19,19
key2004,1,5,12
key2005,17,25,39
key2006,8,2,0
key2007,7,27,9
key2008,1,25,4
key2009,10,24,19
key2010,7,23,20
key2011,8,5,34
key2012,12,28,26
key2013,1,9,26
key2014,0,22,9
key2015,13,8,28
key2016,14,22,34
key2017,10,3,25
key2018,16,1,4
key2019,5,20,33
key2020,4,1,17
key2021,19,2,1
key2022,13,14,17
key2023,1,3,10
key2024,11,20,24
key2025,17,24,2
key2026,16,25,15
key2027,4,17,5
key2028,8,24,17
key2029,5,16,30
key2030,2,4,19
key2031,16,25,39
key2032,12,15,5
key2033,10,23,21
key2034,14,1,8
key2035,4,14,38
key2036,0,10,28
key2037,3,25,12
key2038,16,17,11
key2039,6,12,34
key2040,5,24,36
key2041,7,11,31
key2042,13,18,32
key2043,16,29,7
key2044,13,23,18
key2045,4,16,24
key2046,9,19,38
key2047,9,18,8
key2048,19,28,22
key2049,16,25,21
key2050,8,8,5
key2051,10,27,4
key2052,9,4,31
key2053,5,20,17
key2054,5,19,35
key2055,4,25,24
key2056,20,15,12
key2057,15,10,39
key2058,19,15,40
key2059,4,5,21
key2060,7,29,30
key2061,8,10,18
key2062,12,24,6
key2063,18,29,13
key2064,4,12,27
key2065,11,23,37
key2066,16,19,7
key2067,18,26,18
key2068,16,24,32
key2069,11,13,14
key2070,9,24,32
key2071,5,11,14
key2072,7,10,27
key2073,5,6,6
key2074,11,3,35
key2075,10,6,31
key2076,12,17,18
key2077,8,11,2
key2078,4,22,0
key2079,14,2,20
key2080,19,13,38
key2081,3,25,39
key2082,17,8,35
key2083,0,8,6
key2084,1,14,7
key2085,1,15,10
key2086,15,30,19
key2087,16,14,16
key2088,20,22,1
key2089,2,28,22
key2090,9,5,10
key2091,18,15,7
key2092,2,7,26
key2093,16,19,29
key2094,2,24,11
key2095,11,0,10
key2096,16,8,31
key2097,0,24,37
key2098,2,5,8
key2099,15,8,16
key2100,15,29,26
key2101,7,14,9
key2102,10,6,9
key2103,1,27,20
key2104,15,2,7
key2105,17,20,26
key2106,4,16,27
key2107,8,15,1
key2108,0,22,7
key2109,15,27,11
key2110,6,1,39
key2111,2,19,30
key2112,8,7,37
key2113,10,13,26
key2114,7,13,28
key2115,2,10,1
key2116,3,23,9
key2117,5,3,30
key2118,16,28,35
key2119,3,10,37
key2120,10,1,17
key2121,12,3,18
key2122,19,14,13
key2123,5,22,34
key2124,2,16,27
key2125,14,24,31
key2126,1,29,23
key2127,9,20,15
key2128,8,15,37
key2129,15,27,16
key2130,12,27,38
key2131,8,9,6
key2132,10,29,31
key2133,15,18,38
key2134,19,8,20
key2135,9,10,7
key2136,4,15,36
key2137,7,29,15
key2138,17,29,7
key2139,11,8,5
key2140,7,22,27
key2141,18,26,19
key2142,17,9,14
key2143,7,6,18
key2144,17,25,36
key2145,11,2,22
key2146,18,8,25
key2147,17,15,37
key2148,1,7,12
key2149,8,11,14
key2150,16,26,38
key2151,7,27,39
key2152,17,18,15
key2153,13,2,11
key2154,2,11,39
key2155,8,1,35
key2156,2,24,5
key2157,15,11,4
key2158,13,23,5
key2159,14,5,24
key2160,1,9,21
key2161,4,12,17
key2162,11,18,20
key2163,3,22,25
key2164,14,1,10
key2165,3,12,27
key2166,4,10,37
key2167,7,16,34
key2168,16,6,33
key2169,1,30,16
key2170,7,2,4
key2171,0,25,8
key2172,15,28,6
key2173,11,7,7
key2174,15,21,40
key2175,5,22,26
key2176,0,8,34
key2177,17,14,29
key2178,17,11,0
key2179,15,21,6
key2180,15,12,4
key2181,8,25,33
key2182,11,19,4
key2183,11,10,12
key2184,19,16,4
key2185,5,9,6
key2186,12,17,37
key2187,14,21,0
key2188,3,13,18
key2189,13,26,24
key2190,19,20,36
key2191,18,29,14
key2192,4,21,27
key2193,2,13,33
key2194,12,6,37
key2195,9,16,27
key2196,11,17,35
key2197,6,29,31
key2198,1,9,8
key2199,0,5,35
key2200,0,21,16
key2201,9,23,29
key2202,1,28,19
key2203,3,21,19
key2204,12,10,1
key2205,8,28,33
key2206,5,12,0
key2207,12,3,19
key2208,15,17,38
key2209,11,19,28
key2210,9,6,31
key2211,16,3,30
key2212,13,26,33
key2213,14,1,27
key2214,15,20,14
key2215,7,7,37
key2216,10,8,37
key2217,16,13,28
key2218,11,6,15
key2219,15,7,19
key2220,7,4,11
key2221,18,10,21
key2222,1,4,36
key2223,1,27,26
key2224,0,11,2
key2225,7,22,32
key2226,14,26,36
key2227,12,23,6
key2228,13,23,34
key2229,3,5,28
key2230,7,23,20
key2231,15,1,38
key2232,19,13,26
key2233,10,19,36
key2234,7,3,4
key2235,11,11,35
key2236,4,18,9
key2237,3,17,40
key2238,6,11,10
key2239,9,1,36
key2240,5,7,23
key2241,11,19,9
key2242,17,26,9
key2243,7,10,25
key2244,1,3,33
key2245,13,23,20
key2246,13,25,17
key2247,4,19,35
key2248,13,9,36
key2249,10,9,7
key2250,11,20,15
key2251,15,4,22
key2252,7,6,8
key2253,13,10,28
key2254,9,15,6
key2255,1,19,26
key2256,16,3,17
key2257,3,3,7
key2258,4,13,30
key2259,3,8,32
key2260,1,22,3
key2261,13,27,16
key2262,11,24,2
key2263,10,28,2
key2264,10,17,26
key2265,17,12,24
key2266,14,27,5
key2267,16,14,19
key2268,7,20,2
key2269,16,15,15
key2270,6,27,7
key2271,18,24,15
key2272,10,17,12
key2273,18,7,30
key2274,11,22,12
key2275,6,12,3
key2276,20,9,30
key2277,19,17,38
key2278,3,6,29
key2279,18,26,32
key2280,19,14,8
key2281,16,1,4
key2282,4,9,21
key2283,5,4,29
key2284,11,20,16
key2285,18,24,20
key2286,17,7,12
key2287,18,28,18
key2288,5,9,19
key2289,15,6,37
key2290,3,20,33
key2291,16,11,16
key2292,4,14,19
key2293,11,4,29
key2294,6,1,35
key2295,11,21,20
key2296,14,6,26
key2297,18,25,28
key2298,15,30,30
key2299,14,18,14
key2300,10,15,4
key2301,6,15,33
key2302,4,27,26
key2303,9,3,33
key2304,15,12,37
key2305,10,7,38
key2306,10,25,17
key2307,19,21,30
key2308,16,1,35
key2309,19,23,3
key2310,5,28,28
key2311,18,16,40
key2312,2,26,39
key2313,17,26,8
key2314,16,5,6
key2315,3,23,5
key2316,7,21,12
key2317,1,13,23
key2318,14,21,21
key2319,5,14,3
key2320,4,14,9
key2321,10,30,38
key2322,17,30,2
key2323,19,17,23
key2324,3,23,31
key2325,3,28,21
key2326,0,1,16
key2327,5,4,3
key2328,20,1,21
key2329,16,15,23
key2330,20,8,36
key2331,5,7,15
key2332,12,7,4
key2333,8,22,26
key2334,1,28,17
key2335,20,6,10
key2336,3,7,28
key2337,18,3,15
key2338,2,17,15
key2339,2,21,37
key2340,18,25,22
key2341,3,2,39
key2342,11,19,37
key2343,6,18,35
key2344,18,2,39
key2345,1,10,27
key2346,15,26,10
key2347,7,22,3
key2348,1,20,38
key2349,14,2,22
key2350,15,10,8
key2351,13,14,29
key2352,15,4,33
key2353,8,3,12
key2354,9,23,1
key2355,15,13,27
key2356,14,16,35
key2357,2,21,27
key2358,13,13,1
key2359,15,2,31
key2360,2,14,39
key2361,13,6,34
key2362,5,16,37
key2363,0,29,27
key2364,19,16,29
key2365,4,2,35
key2366,11,6,2
key2367,4,20,19
key2368,7,5,25
key2369,16,23,20
key2370,5,17,2
key2371,19,25,8
key2372,3,28,36
key2373,2,8,2
key2374,4,10,35
key2375,9,27,15
key2376,13,16,39
key2377,13,17,14
key2378,5,1,12
key2379,18,7,2
key2380,16,7,34
key2381,9,19,14
key2382,6,29,17
key2383,15,11,23
key2384,10,7,39
key2385,3,2,25
key2386,3,12,22
key2387,8,27,8
key2388,16,22,6
key2389,12,17,15
key2390,16,1,15
key2391,7,3,34
key2392,14,5,30
key2393,11,27,3
key2394,9,15,33
key2395,5,9,28
key2396,11,7,31
key2397,10,1,8
key2398,13,20,30
key2399,15,4,12
key2400,4,24,26
key2401,12,2,9
key2402,15,28,9
key2403,15,11,27
key2404,19,10,17
key2405,17,1,4
key2406,2,18,6
key2407,12,18,39
key2408,3,15,8
key2409,6,13,14
key2410,16,29,10
key2411,16,17,2
key2412,14,3,7
key2413,6,5,17
key2414,2,14,9
key2415,17,25,24
key2416,3,28,9
key2417,17,24,13
key2418,11,11,19
key2419,11,3,14
key2420,9,10,3
key2421,3,27,16
key2422,11,8,30
key2423,9,11,9
key2424,15,13,38
key2425,14,26,18
key2426,8,29,3
key2427,17,19,5
key2428,16,18,1
key2429,11,28,4
key2430,19,15,13
key2431,3,25,17
key2432,10,5,33
key2433,3,15,23
key2434,1,12,10
key2435,12,11,32
key2436,14,12,22
key2437,14,19,5
key2438,18,25,30
key2439,17,1,29
key2440,16,16,24
key2441,18,5,8
key2442,9,11,26
key2443,11,12,34
key2444,3,1,35
key2445,0,15,39
key2446,16,29,38
key2447,9,23,13
key2448,6,2,17
key2449,13,2,24
key2450,10,26,31
key2451,19,11,2
key2452,15,20,6
key2453,14,16,0
key2454,12,15,31
key2455,4,25,3
key2456,1,13,39
key2457,6,16,21
key2458,14,19,9
key2459,6,2,26
key2460,8,16,6
key2461,12,21,26
key2462,4,20,4
key2463,8,8,30
key2464,10,9,7
key2465,16,26,9
key2466,17,9,39
key2467,16,19,39
key2468,1,19,18
key2469,18,11,32
key2470,8,23,6
key2471,1,10,10
key2472,9,10,9
key2473,7,17,18
key2474,19,16,0
key2475,18,2,37
key2476,15,2,5
key2477,10,7,7
key2478,2,26,10
key2479,7,2,23
key2480,10,29,7
key2481,16,0,24
key2482,10,4,31
key2483,11,16,33
key2484,8,4,20
key2485,12,27,32
key2486,8,4,39
key2487,5,16,14
key2488,2,17,12
key2489,10,13,9
key2490,16,9,27
key2491,2,14,34
key2492,16,14,17
key2493,16,28,7
key2494,20,6,1
key2495,5,29,3
key2496,12,3,31
key2497,9,14,5
key2498,9,8,36
key2499,12,30,15
key2500,18,10,25
key2501,10,18,4
key2502,9,10,9
key2503,20,17,21
key2504,10,28,13
key2505,18,20,11
key2506,2,25,0
key2507,15,9,22
key2508,18,16,26
key2509,8,1,10
key2510,8,9,40
key2511,1,7,7
key2512,17,1,37
key2513,7,16,13
key2514,1,19,27
key2515,6,16,32
key2516,16,10,30
key2517,2,25,36
key2518,1,12,14
key2519,9,5,13
key2520,18,3,25
key2521,3,1,5
key2522,18,30,15
key2523,1,10,38
key2524,14,3,19
key2525,5,29,9
key2526,13,1,37
key2527,14,5,35
key2528,12,2,36
key2529,6,15,16
key2530,12,23,35
key2531,2,28,8
key2532,17,17,38
key2533,13,22,30
key2534,16,11,27
key2535,5,2,33
key2536,0,24,30
key2537,2,16,7
key2538,1,10,7
key2539,11,15,27
key2540,19,27,15
key2541,8,30,36
key2542,7,23,19
key2543,13,0,23
key2544,3,26,5
key2545,7,2,14
key2546,9,5,16
key2547,4,10,25
key2548,2,2,17
key2549,19,13,7
key2550,11,21,37
key2551,6,26,35
key2552,8,4,32
key2553,7,24,18
key2554,15,6,22
key2555,8,7,10
key2556,5,26,37
key2557,14,1,25
key2558,7,25,26
key2559,11,22,28
key2560,14,14,14
key2561,9,27,5
key2562,12,15,14
key2563,2,23,2
key2564,15,29,25
key2565,2,18,35
key2566,20,30,35
key2567,4,18,13
key2568,14,30,14
key2569,19,1,16
key2570,15,15,1
key2571,17,1,17
key2572,14,26,26
key2573,4,14,38
key2574,5,25,23
key2575,19,23,12
key2576,5,16,36
key2577,2,20,1
key2578,5,30,7
key2579,16,18,8
key2580,13,23,31
key2581,8,27,14
key2582,19,23,11
key2583,11,24,9
key2584,13,3,27
key2585,19,20,11
key2586,18,19,8
key2587,4,16,21
key2588,15,1,35
key2589,19,4,15
key2590,6,9,24
key2591,13,10,18
key2592,19,3,19
key2593,14,10,20
key2594,2,2,36
key2595,12,26,2
key2596,4,12,34
key2597,19,11,30
key2598,14,5,28
key2599,12,23,28
key2600,4,17,37
key2601,6,28,31
key2602,2,12,36
key2603,17,6,37
key2604,13,14,6
key2605,2,29,32
key2606,10,10,5
key2607,1,4,11
key2608,19,8,0
key2609,10,24,37
key2610,5,18,25
key2611,11,11,25
key2612,16,5,35
key2613,3,2,38
key2614,9,13,9
key2615,14,0,34
key2616,13,10,5
key2617,12,21,29
key2618,8,9,11
key2619,6,16,15
key2620,1,0,16
key2621,18,22,24
key2622,9,26,33
key2623,17,18,33
key2624,13,7,23
key2625,18,0,16
key2626,20,4,29
key2627,12,1,33
key2628,0,27,11
key2629,10,11,39
key2630,15,5,10
key2631,17,17,2
key2632,16,27,18
key2633,17,29,11
key2634,9,25,5
key2635,16,3,19
key2636,5,3,29
key2637,20,15,6
key2638,18,10,12
key2639,18,12,10
key2640,12,24,34
key2641,10,0,18
key2642,5,23,22
key2643,16,23,38
key2644,0,5,34
key2645,8,18,10
key2646,9,0,20
key2647,3,8,40
key2648,3,22,5
key2649,13,15,2
key2650,3,19,16
key2651,14,4,34
key2652,5,29,33
key2653,6,3,18
key2654,18,21,8
key2655,9,17,2
key2656,17,28,22
key2657,13,11,32
key2658,13,18,31
key2659,4,20,36
key2660,17,9,16
key2661,14,10,2
key2662,16,21,15
key2663,0,15,19
key2664,14,3,9
key2665,9,8,1
key2666,15,3,38
key2667,14,1,18
key2668,7,4,38
key2669,15,21,30
key2670,19,14,12
key2671,12,13,36
key2672,15,4,30
key2673,10,30,37
key2674,13,2,38
key2675,15,11,27
key2676,14,20,29
key2677,10,3,17
key2678,19,28,10
key2679,18,11,35
key2680,17,20,15
key2681,2,16,12
key2682,12,22,4
key2683,11,21,4
key2684,20,14,1
key2685,18,22,3
key2686,13,28,30
key2687,15,20,29
key2688,6,17,5
key2689,18,26,33
key2690,17,12,9
key2691,1,24,1
key2692,6,20,19
key2693,11,17,5
key2694,18,19,38
key2695,12,28,12
key2696,10,28,4
key2697,13,18,31
key2698,11,10,32
key2699,5,10,7
key2700,16,9,36
key2701,6,8,38
key2702,3,1,22
key2703,5,26,2
key2704,16,22,7
key2705,0,17,30
key2706,12,25,37
key2707,0,4,21
key2708,20,28,15
key2709,10,25,23
key2710,18,12,12
key2711,15,8,17
key2712,15,20,34
key2713,16,1,29
key2714,19,2,15
key2715,14,16,4
key2716,8,23,35
key2717,5,13,27
key2718,16,26,10
key2719,2,18,6
key2720,14,21,2
key2721,18,28,13
key2722,1,14,14
key2723,14,26,39
key2724,16,21,35
key2725,0,3,27
key2726,1,6,20
key2727,7,22,34
key2728,14,5,14
key2729,2,21,18
key2730,8,14,23
key2731,17,23,1
key2732,17,9,28
key2733,10,14,6
key2734,16,27,39
key2735,15,6,29
key2736,1,3,24
key2737,15,23,36
key2738,1,12,3
key2739,19,5,0
key2740,19,11,39
key2741,5,23,18
key2742,13,24,20
key2743,17,18,10
key2744,5,24,20
key2745,7,29,19
key2746,2,19,10
key2747,11,15,4
key2748,15,2,11
key2749,13,26,31
key2750,0,26,26
key2751,0,29,11
key2752,14,14,29
key2753,9,23,37
key2754,8,17,33
key2755,2,4,1
key2756,18,27,38
key2757,11,27,25
key2758,4,5,37
key2759,16,17,39
key2760,1,30,21
key2761,4,17,30
key2762,11,10,6
key2763,4,9,37
key2764,17,1,1
key2765,20,3,25
key2766,8,11,17
key2767,9,16,19
key2768,8,23,36
key2769,11,24,29
key2770,5,12,40
key2771,3,22,5
key2772,16,12,32
key2773,10,20,8
key2774,8,6,39
key2775,17,8,39
key2776,14,20,16
key2777,1,11,33
key2778,5,19,10
key2779,9,20,8
key2780,17,25,19
key2781,17,19,21
key2782,3,23,31
key2783,1,13,9
key2784,6,12,2
key2785,15,17,20
key2786,6,11,1
key2787,19,19,30
key2788,4,17,24
key2789,10,28,2
key2790,4,0,24
key2791,9,17,12
key2792,9,0,1
key2793,9,24,27
key2794,19,10,4
key2795,19,24,13
key2796,19,28,12
key2797,14,28,34
key2798,7,1,30
key2799,12,28,12
key2800,2,13,18
key2801,5,8,8
key2802,7,20,15
key2803,18,8,22
key2804,7,4,24
key2805,10,1,14
key2806,14,6,10
key2807,13,28,9
key2808,5,28,15
key2809,7,15,0
key2810,5,2,13
key2811,7,7,26
key2812,7,6,14
key2813,13,27,19
key2814,6,30,37
key2815,3,3,23
key2816,13,15,1
key2817,12,9,35
key2818,12,2,25
key2819,18,4,7
key2820,1,29,16
key2821,16,21,3
key2822,4,13,30
key2823,11,29,19
key2824,6,25,1
key2825,16,21,29
key2826,9,25,26
key2827,0,20,12
key2828,12,29,28
key2829,11,25,4
key2830,1,30,3
key2831,8,25,31
key2832,7,5,12
key2833,2,26,8
key2834,20,28,32
key2835,16,10,15
key2836,13,5,9
key2837,4,18,6
key2838,11,11,14
key2839,7,13,13
key2840,14,8,28
key2841,19,19,20
key2842,14,11,28
key2843,12,13,31
key2844,3,8,32
key2845,16,29,12
key2846,3,10,2
key2847,16,11,15
key2848,18,24,21
key2849,18,25,16
key2850,2,3,20
key2851,18,17,14
key2852,15,2,5
key2853,15,9,3
key2854,0,28,16
key2855,19,16,29
key2856,11,14,17
key2857,11,17,6
key2858,12,8,26
key2859,0,30,32
key2860,6,16,11
key2861,15,21,36
key2862,14,3,9
key2863,5,9,28
key2864,15,9,14
key2865,16,14,18
key2866,18,7,16
key2867,1,16,16
key2868,0,6,22
key2869,10,22,21
key2870,1,12,21
key2871,13,25,32
key2872,3,26,39
key2873,10,28,16
key2874,15,15,1
key2875,1,7,36
key2876,8,10,19
key2877,6,18,30
key2878,19,21,34
key2879,1,17,21
key2880,19,27,29
key2881,10,1,37
key2882,1,23,20
key2883,5,13,39
key2884,13,15,40
key2885,8,26,2
key2886,0,17,22
key2887,2,16,26
key2888,3,2,17
key2889,15,8,3
key2890,7,22,36
key2891,13,6,19
key2892,8,12,25
key2893,12,21,18
key2894,13,9,24
key2895,15,18,7
key2896,10,6,1
key2897,9,9,5
key2898,5,16,26
key2899,1,9,4
key2900,0,16,1
key2901,18,0,11
key2902,3,23,14
key2903,8,3,33
key2904,17,20,6
key2905,16,27,12
key2906,17,5,36
key2907,16,17,20
key2908,15,29,34
key2909,13,23,15
key2910,14,3,39
key2911,7,17,11
key2912,13,19,7
key2913,12,3,29
key2914,4,27,30
key2915,6,4,26
key2916,17,6,1
key2917,15,28,11
key2918,8,14,13
key2919,9,4,20
key2920,11,5,5
key2921,18,11,35
key2922,1,7,12
key2923,19,13,38
key2924,8,28,22
key2925,13,7,36
key2926,3,3,26
key2927,14,13,15
key2928,11,19,36
key2929,7,17,32
key2930,3,27,26
key2931,16,22,19
key2932,7,25,29
key2933,5,29,14
key2934,17,20,20
key2935,3,29,38
key2936,14,12,10
key2937,4,19,35
key2938,17,12,12
key2939,7,14,33
key2940,19,5,12
key2941,6,6,21
key2942,1,3,12
key2943,19,22,26
key2944,15,21,37
key2945,6,6,5
key2946,16,3,24
key2947,3,1,35
key2948,15,15,31
key2949,4,26,30
key2950,0,17,14
key2951,6,29,3
key2952,18,1,11
key2953,16,20,23
key2954,3,3,11
key2955,20,27,20
key2956,11,13,6
key2957,1,3,29
key2958,5,13,9
key2959,14,15,17
key2960,17,10,13
key2961,1,25,4
key2962,14,3,34
key2963,6,28,19
key2964,18,26,16
key2965,15,0,21
key2966,4,30,14
key2967,1,26,8
key2968,15,4,39
key2969,9,2,32
key2970,12,26,9
key2971,12,22,3
key2972,11,15,18
key2973,16,7,15
key2974,3,3,32
key2975,5,4,2
key2976,4,26,12
key2977,1,14,21
key2978,12,20,15
key2979,16,12,26
key2980,4,0,34
key2981,13,26,17
key2982,17,8,7
key2983,17,3,31
key2984,1,17,31
key2985,8,13,2
key2986,1,24,8
key2987,11,19,27
key2988,11,25,16
key2989,11,15,23
key2990,8,11,1
key2991,3,15,28
key2992,16,29,30
key2993,16,5,29
key2994,16,1,28
key2995,17,19,3
key2996,5,22,10
key2997,10,28,23
key2998,10,29,17
key2999,8,29,9
key3000,7,5,7
key3001,8,23,24
key3002,8,5,38
key3003,6,22,30
key3004,12,22,3
key3005,7,13,25
key3006,9,10,26
key3007,19,20,23
key3008,2,12,13
key3009,1,8,10
key3010,13,6,17
key3011,4,3,22
key3012,14,7,13
key3013,4,25,38
key3014,13,4,7
key3015,9,23,32
key3016,18,24,24
key3017,15,20,24
key3018,5,29,23
key3019,7,26,9
key3020,12,12,38
key3021,4,9,12
key3022,8,26,12
key3023,10,22,38
key3024,1,3,33
key3025,12,25,39
key3026,19,12,2
key3027,9,28,38
key3028,13,22,38
key3029,17,21,6
key3030,15,29,33
key3031,19,24,22
key3032,0,12,32
key3033,14,13,2
key3034,12,6,22
key3035,5,29,9
key3036,1,22,36
key3037,19,16,38
key3038,18,27,25
key3039,4,9,11
key3040,1,15,35
key3041,16,25,29
key3042,2,28,39
key3043,5,10,8
key3044,10,13,35
key3045,18,27,27
key3046,5,18,33
key3047,2,25,10
key3048,4,18,5
key3049,16,18,30
key3050,6,5,20
key3051,6,15,27
key3052,14,9,35
key3053,15,12,25
key3054,16,1,14
key3055,1,16,34
key3056,19,9,7
key3057,6,21,34
key3058,16,6,5
key3059,5,4,12
key3060,14,12,15
key3061,12,8,27
key3062,13,3,19
key3063,18,25,18
key3064,12,16,34
key3065,12,21,25
key3066,19,11,39
key3067,2,18,2
key3068,19,29,12
key3069,12,5,24
key3070,17,2,15
key3071,0,14,5
key3072,18,5,17
key3073,18,25,39
key3074,3,4,9
key3075,6,24,11
key3076,7,3,35
key3077,9,2,25
key3078,15,24,28
key3079,3,11,15
key3080,18,16,16
key3081,5,24,1
key3082,3,10,11
key3083,6,1,2
key3084,7,18,7
key3085,16,3,1
key3086,2,13,22
key3087,14,1,8
key3088,6,3,21
key3089,17,5,24
key3090,19,12,4
key3091,2,17,30
key3092,12,24,12
key3093,11,29,33
key3094,11,24,24
key3095,2,19,36
key3096,14,21,27
key3097,10,22,36
key3098,0,19,14
key3099,2,20,23
key3100,4,3,18
key3101,1,23,8
key3102,11,29,10
key3103,9,19,39
key3104,1,28,32
key3105,11,23,36
key3106,2,17,2
key3107,9,1,13
key3108,13,15,5
key3109,13,21,4
key3110,13,9,31
key3111,6,24,14
key3112,10,8,5
key3113,16,17,9
key3114,6,18,15
key3115,14,27,27
key3116,18,25,17
key3117,1,8,27
key3118,8,23,33
key3119,19,8,17
key3120,15,25,4
key3121,6,19,1
key3122,8,18,25
key3123,9,3,17
key3124,1,9,23
key3125,4,22,34
key3126,12,12,9
key3127,12,26,37
key3128,10,16,21
key3129,18,10,9
key3130,3,23,8
key3131,15,23,7
key3132,1,12,17
key3133,11,19,0
key3134,2,11,26
key3135,4,3,30
key3136,0,12,36
key3137,12,23,36
key3138,0,9,11
key3139,17,11,33
key3140,3,4,39
key3141,13,18,22
key3142,14,5,38
key3143,15,26,25
key3144,2,25,10
key3145,5,30,32
key3146,8,6,30
key3147,9,10,29
key3148,4,27,38
key3149,9,23,13
key3150,13,8,8
key3151,13,20,1
key3152,18,26,14
key3153,19,21,9
key3154,8,6,15
key3155,5,5,0
key3156,5,3,11
key3157,9,8,15
key3158,4,28,30
key3159,19,18,21
key3160,12,6,37
key3161,6,20,1
key3162,1,17,20
key3163,0,8,7
key3164,4,7,4
key3165,14,3,30
key3166,3,6,15
key3167,6,13,25
key3168,9,1,21
key3169,11,6,20
key3170,7,19,14
key3171,4,8,19
key3172,4,5,18
key3173,14,10,34
key3174,19,27,39
key3175,12,16,11
key3176,3,14,29
key3177,18,12,39
key3178,2,4,23
key3179,12,0,19
key3180,8,24,19
key3181,7,26,32
key3182,19,8,4
key3183,17,18,9
key3184,9,11,20
key3185,15,2,32
key3186,16,24,23
key3187,8,29,31
key3188,9,3,32
key3189,16,20,17
key3190,10,16,25
key3191,7,22,32
key3192,17,22,38
key3193,15,22,17
key3194,11,17,23
key3195,9,21,18
key3196,4,29,12
key3197,11,9,31
key3198,10,18,21
key3199,12,17,28
key3200,17,3,27
key3201,14,23,14
key3202,17,9,36
key3203,11,4,37
key3204,2,14,28
key3205,10,0,5
key3206,11,27,26
key3207,19,14,2
key3208,15,13,40
key3209,15,6,33
key3210,16,23,13
key3211,0,4,26
key3212,9,12,6
key3213,5,5,34
key3214,0,4,17
key3215,4,4,21
key3216,13,5,29
key3217,16,30,7
key3218,9,14,20
key3219,4,3,39
key3220,12,19,27
key3221,10,10,40
key3222,10,6,30
key3223,9,5,14
key3224,13,14,6
key3225,3,16,34
key3226,17,1,19
key3227,11,23,10
key3228,11,28,35
key3229,19,15,30
key3230,0,4,4
key3231,3,29,36
key3232,2,27,19
key3233,5,19,32
key3234,4,17,16
key3235,16,3,9
key3236,18,23,29
key3237,14,24,1
key3238,6,12,3
key3239,13,7,12
key3240,12,14,24
key3241,16,6,34
key3242,10,3,3
key3243,5,20,17
key3244,1,12,21
key3245,4,20,12
key3246,17,30,23
key3247,18,16,30
key3248,20,7,26
key3249,12,15,17
key3250,4,19,26
key3251,13,28,17
key3252,2,9,12
key3253,12,26,15
key3254,4,15,33
key3255,14,21,9
key3256,5,27,30
key3257,11,27,26
key3258,3,1,13
key3259,5,3,29
key3260,3,7,34
key3261,11,29,4
key3262,1,9,34
key3263,11,14,24
key3264,1,17,10
key3265,11,5,4
key3266,15,18,7
key3267,19,18,39
key3268,5,27,32
key3269,16,14,35
key3270,3,29,23
key3271,8,15,36
key3272,13,11,35
key3273,3,29,8
key3274,13,22,12
key3275,6,12,8
key3276,20,8,25
key3277,7,19,38
key3278,13,26,21
key3279,6,27,19
key3280,2,4,33
key3281,3,3,8
key3282,0,2,30
key3283,14,4,17
key3284,14,30,35
key3285,16,27,39
key3286,1,6,29
key3287,5,0,15
key3288,18,28,6
key3289,20,9,33
key3290,7,17,34
key3291,10,17,30
key3292,1,20,0
key3293,11,6,39
key3294,10,25,5
key3295,16,21,30
key3296,6,3,14
key3297,16,3,0
key3298,16,4,9
key3299,17,30,13
key3300,9,13,21
key3301,11,3,5
key3302,3,5,3
key3303,9,20,21
key3304,15,9,25
key3305,17,13,26
key3306,12,25,21
key3307,6,6,20
key3308,16,12,40
key3309,18,8,1
key3310,15,2,30
key3311,17,25,11
key3312,15,14,38
key3313,1,6,38
key3314,15,20,12
key3315,15,28,36
key3316,5,26,27
key3317,0,13,19
key3318,7,15,17
key3319,13,23,35
key3320,11,6,22
key3321,11,10,30
key3322,11,11,17
key3323,7,28,19
key3324,11,15,21
key3325,11,26,37
key3326,13,1,19
key3327,4,12,8
key3328,17,22,14
key3329,18,7,25
key3330,8,10,24
key3331,1,20,4
key3332,3,5,24
key3333,10,14,4
key3334,14,16,5
key3335,11,5,30
key3336,1,25,33
key3337,6,5,34
key3338,18,6,10
key3339,10,23,27
key3340,18,2,6
key3341,16,29,31
key3342,1,19,18
key3343,15,15,4
key3344,8,20,21
key3345,1,28,21
key3346,14,16,21
key3347,3,15,34
key3348,4,19,10
key3349,14,25,13
key3350,11,20,7
key3351,18,23,24
key3352,16,4,34
key3353,7,12,13
key3354,14,11,23
key3355,20,7,28
key3356,3,23,9
key3357,9,2,2
key3358,4,15,18
key3359,4,8,9
key3360,4,6,26
key3361,1,2,3
key3362,15,7,30
key3363,16,8,9
key3364,11,29,33
key3365,15,3,14
key3366,7,17,14
key3367,12,15,17
key3368,0,0,14
key3369,11,24,23
key3370,3,9,10
key3371,14,10,13
key3372,11,13,8
key3373,4,8,1
key3374,16,25,9
key3375,16,5,2
key3376,12,25,28
key3377,18,26,28
key3378,17,11,8
key3379,12,17,21
key3380,10,10,2
key3381,4,11,23
key3382,19,13,2
key3383,6,22,13
key3384,2,29,23
key3385,20,26,26
key3386,13,8,10
key3387,4,25,36
key3388,2,26,8
key3389,5,20,20
key3390,3,10,32
key3391,2,23,0
key3392,7,6,10
key3393,10,22,18
key3394,9,8,36
key3395,18,9,27
key3396,2,12,36
key3397,18,27,6
key3398,13,3,30
key3399,15,11,18
key3400,2,22,7
key3401,6,19,11
key3402,8,19,35
key3403,1,2,28
key3404,11,22,24
key3405,4,11,9
key3406,1,7,26
key3407,16,22,9
key3408,8,15,17
key3409,6,22,6
key3410,8,19,15
key3411,19,0,17
key3412,14,30,20
key3413,19,17,15
key3414,5,29,3
key3415,8,1,15
key3416,9,0,10
key3417,7,24,37
key3418,11,18,2
key3419,5,12,2
key3420,14,28,20
key3421,14,12,36
key3422,2,1,4
key3423,19,21,9
key3424,12,27,33
key3425,4,12,35
key3426,20,26,13
key3427,12,2,36
key3428,12,24,14
key3429,7,8,21
key3430,5,10,16
key3431,2,29,16
key3432,12,21,37
key3433,12,14,20
key3434,9,2,33
key3435,10,4,26
key3436,2,16,24
key3437,17,30,34
key3438,11,6,5
key3439,17,20,33
key3440,9,3,18
key3441,0,15,20
key3442,15,28,10
key3443,7,29,31
key3444,4,21,20
key3445,16,30,30
key3446,20,7,0
key3447,8,24,9
key3448,13,24,24
key3449,19,14,18
key3450,9,29,7
key3451,18,15,22
key3452,18,19,9
key3453,10,20,13
key3454,1,23,22
key3455,17,19,38
key3456,14,7,23
key3457,6,5,33
key3458,19,9,2
key3459,19,25,26
key3460,4,22,10
key3461,12,15,35
key3462,12,18,18
key3463,8,8,9
key3464,5,1,6
key3465,16,22,23
key3466,10,17,21
key3467,9,4,28
key3468,1,8,39
key3469,11,12,26
key3470,16,25,36
key3471,2,25,22
key3472,18,17,20
key3473,3,24,36
key3474,15,16,9
key3475,6,26,30
key3476,5,10,38
key3477,2,23,26
key3478,11,25,7
key3479,18,13,3
key3480,19,2,21
key3481,12,9,19
key3482,18,8,10
key3483,0,20,17
key3484,3,23,14
key3485,9,18,26
key3486,19,17,0
key3487,17,7,19
key3488,0,4,7
key3489,15,22,4
key3490,5,29,29
key3491,13,19,8
key3492,13,13,24
key3493,17,29,23
key3494,1,27,25
key3495,5,20,11
key3496,12,5,19
key3497,7,14,33
key3498,10,10,21
key3499,12,8,36
key3500,5,3,21
key3501,20,0,29
key3502,16,30,21
key3503,3,13,22
key3504,16,26,17
key3505,14,12,40
key3506,3,4,10
key3507,15,23,16
key3508,15,3,7
key3509,6,9,12
key3510,2,16,23
key3511,13,27,33
key3512,13,15,40
key3513,0,14,24
key3514,2,13,13
key3515,8,8,27
key3516,19,22,8
key3517,9,22,38
key3518,13,13,29
key3519,5,14,33
key3520,10,18,7
key3521,19,0,7
key3522,12,15,17
key3523,5,18,10
key3524,12,23,29
key3525,10,12,13
key3526,9,23,21
key3527,15,26,6
key3528,1,28,15
key3529,4,20,30
key3530,12,6,32
key3531,3,28,20
key3532,14,4,35
key3533,17,9,35
key3534,14,20,1
key3535,1,2,31
key3536,9,9,13
key3537,0,24,34
key3538,14,0,12
key3539,5,29,32
key3540,19,29,24
key3541,17,22,29
key3542,9,19,18
key3543,17,10,11
key3544,20,3,33
key3545,1,2,7
key3546,1,28,21
key3547,14,29,32
key3548,11,9,17
key3549,19,15,25
key3550,1,7,7
key3551,9,26,11
key3552,9,18,4
key3553,14,17,12
key3554,7,17,25
key3555,5,17,2
key3556,17,5,30
key3557,6,22,29
key3558,1,16,14
key3559,8,9,36
key3560,4,21,31
key3561,9,5,26
key3562,9,23,29
key3563,11,6,9
key3564,4,28,35
key3565,0,1,5
key3566,1,8,1
key3567,14,17,28
key3568,13,23,2
key3569,16,5,38
key3570,13,12,35
key3571,7,10,20
key3572,14,14,27
key3573,14,30,16
key3574,13,28,26
key3575,6,8,7
key3576,15,27,24
key3577,11,27,25
key3578,17,17,18
key3579,1,22,2
key3580,14,9,19
key3581,11,3,27
key3582,1,12,11
key3583,2,11,16
key3584,19,28,19
key3585,4,17,14
key3586,11,29,4
key3587,13,14,11
key3588,10,5,15
key3589,5,28,27
key3590,4,4,15
key3591,12,27,28
key3592,2,24,18
key3593,6,11,33
key3594,13,24,11
key3595,17,5,4
key3596,6,3,28
key3597,12,10,5
key3598,11,2,29
key3599,6,22,15
key3600,16,29,17
key3601,15,17,14
key3602,12,15,16
key3603,1,3,24
key3604,1,2,18
key3605,0,24,5
key3606,1,18,12
key3607,10,29,19
key3608,19,24,9
key3609,2,22,6
key3610,10,17,13
key3611,5,26,19
key3612,16,22,14
key3613,6,2,35
key3614,11,26,5
key3615,11,22,13
key3616,5,30,5
key3617,15,5,17
key3618,2,21,10
key3619,2,8,27
key3620,16,22,22
key3621,8,29,3
key3622,17,19,9
key3623,9,10,32
key3624,1,29,32
key3625,9,5,29
key3626,16,30,13
key3627,16,13,7
key3628,19,13,33
key3629,6,27,22
key3630,7,4,20
key3631,19,24,31
key3632,4,6,9
key3633,20,27,26
key3634,9,17,23
key3635,19,8,29
key3636,4,23,5
key3637,12,18,29
key3638,4,22,26
key3639,11,23,30
key3640,1,3,23
key3641,12,5,28
key3642,9,11,5
key3643,20,1,37
key3644,6,25,6
key3645,15,6,26
key3646,9,7,36
key3647,7,28,16
key3648,2,15,32
key3649,7,2,7
key3650,6,1,39
key3651,6,18,6
key3652,7,5,38
key3653,12,6,24
key3654,9,4,39
key3655,10,5,38
key3656,11,11,9
key3657,14,11,20
key3658,8,8,24
key3659,6,10,18
key3660,17,2,4
key3661,7,24,36
key3662,11,19,6
key3663,2,25,18
key3664,13,29,14
key3665,14,14,9
key3666,2,16,9
key3667,8,0,40
key3668,2,8,40
key3669,0,4,13
key3670,18,1,35
key3671,11,1,30
key3672,2,22,14
key3673,3,23,23
key3674,7,11,37
key3675,8,15,11
key3676,13,13,21
key3677,1,29,2
key3678,13,3,37
key3679,10,25,13
key3680,7,17,30
key3681,11,17,32
key3682,3,6,4
key3683,12,12,39
key3684,7,29,14
key3685,5,26,28
key3686,8,4,3
key3687,18,5,39
key3688,14,24,25
key3689,5,20,36
key3690,1,29,10
key3691,12,14,4
key3692,20,6,12
key3693,13,10,11
key3694,17,22,24
key3695,10,24,10
key3696,8,4,27
key3697,18,28,23
key3698,10,24,37
key3699,10,2,6
key3700,9,1,4
key3701,10,3,14
key3702,8,17,14
key3703,11,9,26
key3704,14,5,26
key3705,12,6,17
key3706,2,3,31
key3707,6,7,29
key3708,20,30,20
key3709,20,24,15
key3710,6,26,40
key3711,11,27,12
key3712,9,10,14
key3713,7,18,22
key3714,14,23,13
key3715,16,28,8
key3716,4,9,3
key3717,18,27,18
key3718,19,29,21
key3719,15,30,25
key3720,11,8,18
key3721,0,17,3
key3722,17,5,3
key3723,12,29,19
key3724,8,18,39
key3725,10,3,18
key3726,11,25,15
key3727,8,17,15
key3728,16,27,16
key3729,2,12,31
key3730,19,28,35
key3731,11,0,2
key3732,6,25,12
key3733,19,22,26
key3734,7,3,20
key3735,10,13,32
key3736,11,15,20
key3737,14,18,31
key3738,11,9,10
key3739,9,7,36
key3740,18,21,2
key3741,9,3,37
key3742,8,20,10
key3743,3,14,19
key3744,2,15,21
key3745,16,26,14
key3746,7,27,1
key3747,4,16,27
key3748,19,12,37
key3749,4,25,13
key3750,4,29,0
key3751,1,10,21
key3752,15,9,31
key3753,8,21,6
key3754,10,8,40
key3755,10,24,36
key3756,20,15,21
key3757,16,16,5
key3758,5,17,32
key3759,9,10,36
key3760,6,19,24
key3761,4,7,1
key3762,11,25,7
key3763,10,12,24
key3764,5,28,27
key3765,16,13,36
key3766,4,7,12
key3767,15,16,38
key3768,10,22,8
key3769,0,22,2
key3770,9,1,11
key3771,15,29,9
key3772,14,27,11
key3773,15,23,34
key3774,12,2,29
key3775,2,28,7
key3776,8,15,8
key3777,8,4,36
key3778,11,0,0
key3779,1,28,13
key3780,10,23,25
key3781,10,22,2
key3782,8,4,32
key3783,7,30,8
key3784,4,14,34
key3785,6,26,40
key3786,17,13,19
key3787,14,29,13
key3788,20,27,10
key3789,8,13,26
key3790,6,26,27
key3791,11,9,1
key3792,6,7,40
key3793,4,30,16
key3794,6,14,36
key3795,17,18,10
key3796,13,1,14
key3797,13,25,14
key3798,18,24,20
key3799,17,19,10
key3800,2,4,20
key3801,9,4,3
key3802,4,15,39
key3803,18,10,14
key3804,5,25,2
key3805,3,20,7
key3806,5,30,37
key3807,20,3,4
key3808,5,13,33
key3809,17,17,39
key3810,2,8,33
key3811,1,13,19
key3812,5,11,12
key3813,7,26,18
key3814,12,29,30
key3815,14,19,38
key3816,4,1,26
key3817,5,29,16
key3818,11,23,21
key3819,19,1,28
key3820,8,4,27
key3821,1,30,26
key3822,14,4,18
key3823,4,14,3
key3824,16,5,20
key3825,4,1,0
key3826,16,3,37
key3827,18,21,35
key3828,8,11,37
key3829,9,7,28
key3830,10,17,14
key3831,13,18,32
key3832,12,6,39
key3833,16,7,22
key3834,9,23,20
key3835,10,15,26
key3836,14,4,40
key3837,10,11,26
key3838,15,28,37
key3839,9,28,31
key3840,7,15,1
key3841,8,21,30
key3842,3,24,26
key3843,10,2,6
key3844,15,8,30
key3845,13,13,15
key3846,10,28,35
key3847,3,24,28
key3848,20,25,25
key3849,16,14,22
key3850,14,7,37
key3851,18,1,30
key3852,10,5,27
key3853,16,2,38
key3854,12,11,38
key3855,11,7,13
key3856,20,25,18
key3857,12,2,8
key3858,2,25,39
key3859,19,18,9
key3860,3,8,16
key3861,18,2,1
key3862,17,20,30
key3863,13,10,22
key3864,8,18,23
key3865,18,3,40
key3866,17,26,22
key3867,6,6,12
key3868,19,7,7
key3869,12,1,9
key3870,1,20,3
key3871,2,20,24
key3872,10,22,15
key3873,7,26,3
key3874,2,7,16
key3875,4,29,19
key3876,19,16,33
key3877,4,26,40
key3878,2,23,6
key3879,15,23,17
key3880,9,29,34
key3881,20,23,34
key3882,12,25,8
key3883,4,11,21
key3884,10,23,3
key3885,19,9,19
key3886,4,10,18
key3887,13,7,34
key3888,13,23,13
key3889,14,6,0
key3890,7,27,28
key3891,14,18,8
key3892,11,24,31
key3893,11,9,38
key3894,9,8,16
key3895,18,9,18
key3896,15,19,22
key3897,8,0,8
key3898,3,8,23
key3899,10,24,20
key3900,8,6,2
key3901,11,9,6
key3902,5,25,18
key3903,3,25,3
key3904,6,24,28
key3905,7,17,31
key3906,10,3,1
key3907,11,30,3
key3908,4,3,11
key3909,4,23,13
key3910,16,25,28
key3911,16,23,22
key3912,10,16,20
key3913,7,30,7
key3914,11,14,8
key3915,2,28,32
key3916,12,23,20
key3917,1,7,33
key3918,12,30,3
key3919,4,14,7
key3920,20,25,27
key3921,18,21,26
key3922,20,2,36
key3923,18,25,17
key3924,18,29,18
key3925,4,10,0
key3926,12,27,26
key3927,0,15,5
key3928,4,2,21
key3929,18,16,12
key3930,18,9,34
key3931,4,22,39
key3932,6,10,11
key3933,6,0,34
key3934,16,1,2
key3935,18,11,4
key3936,17,23,11
key3937,14,29,20
key3938,2,10,30
key3939,16,15,39
key3940,16,11,19
key3941,12,25,38
key3942,20,13,23
key3943,9,15,21
key3944,3,13,29
key3945,13,1,33
key3946,4,26,9
key3947,7,3,28
key3948,17,6,25
key3949,2,1,33
key3950,10,1,35
key3951,8,23,39
key3952,9,21,38
key3953,17,3,30
key3954,8,12,25
key3955,4,22,36
key3956,16,6,28
key3957,20,28,9
key3958,7,19,3
key3959,1,14,2
key3960,1,19,14
key3961,5,5,3
key3962,12,15,22
key3963,1,1,2
key3964,4,11,4
key3965,1,28,5
key3966,1,21,38
key3967,7,13,29
key3968,9,9,38
key3969,18,17,32
key3970,1,12,15
key3971,17,18,39
key3972,10,28,39
key3973,0,20,12
key3974,18,28,6
key3975,6,27,7
key3976,5,15,28
key3977,19,25,32
key3978,9,13,14
key3979,8,17,9
key3980,0,23,22
key3981,13,16,34
key3982,11,19,3
key3983,12,7,19
key3984,1,11,12
key3985,1,7,30
key3986,16,13,30
key3987,0,5,37
key3988,15,19,14
key3989,2,22,7
key3990,19,17,35
key3991,1,16,28
key3992,13,29,6
key3993,3,29,17
key3994,5,19,27
key3995,13,29,13
key3996,10,7,32
key3997,9,27,33
key3998,17,18,7
key3999,9,24,27
key4000,18,13,6
key4001,0,17,20
key4002,16,28,20
key4003,3,11,20
key4004,19,6,16
key4005,10,6,26
key4006,6,27,8
key4007,2,9,24
key4008,19,17,7
key4009,15,11,20
key4010,5,14,32
key4011,6,4,6
key4012,20,16,19
key4013,13,3,24
key4014,6,13,31
key4015,1,18,39
key4016,9,25,36
key4017,18,5,15
key4018,10,22,24
key4019,17,10,13
key4020,17,11,35
key4021,4,0,4
key4022,7,21,5
key4023,3,9,34
key4024,4,6,7
key4025,8,23,17
key4026,11,2,25
key4027,10,22,5
key4028,6,24,23
key4029,3,5,30
key4030,4,10,6
key4031,15,9,21
key4032,0,15,33
key4033,18,1,5
key4034,11,9,24
key4035,2,30,23
key4036,19,27,16
key4037,6,19,32
key4038,6,10,5
key4039,19,15,31
key4040,6,3,27
key4041,5,5,22
key4042,11,9,25
key4043,10,6,31
key4044,13,1,32
key4045,2,8,22
key4046,1,20,31
key4047,1,9,9
key4048,7,27,15
key4049,17,15,18
key4050,20,7,28
key4051,0,21,15
key4052,1,1,12
key4053,8,28,0
key4054,0,23,12
key4055,5,8,6
key4056,1,1,36
key4057,11,14,28
key4058,12,15,39
key4059,11,9,1
key4060,19,1,13
key4061,15,1,12
key4062,15,26,14
key4063,17,25,14
key4064,3,29,22
key4065,12,28,0
key4066,7,3,5
key4067,1,13,19
key4068,8,19,28
key4069,17,1,6
key4070,4,28,23
key4071,4,14,34
key4072,15,0,12
key4073,15,28,10
key4074,14,27,12
key4075,10,3,33
key4076,10,14,2
key4077,2,18,28
key4078,13,13,6
key4079,19,2,26
key4080,7,27,37
key4081,11,13,9
key4082,16,11,35
key4083,3,24,25
key4084,11,8,17
key4085,7,9,5
key4086,6,2,8
key4087,6,11,12
key4088,16,17,2
key4089,12,27,36
key4090,2,13,24
key4091,8,25,27
key4092,12,19,18
key4093,19,11,14
key4094,3,19,34
key4095,3,16,11
key4096,1,0,1
key4097,4,27,10
key4098,5,30,27
key4099,16,3,15
key4100,4,18,33
key4101,17,19,20
key4102,3,11,36
key4103,19,6,24
key4104,11,24,9
key4105,13,14,3
key4106,12,20,32
key4107,6,18,8
key4108,9,29,14
key4109,0,5,10
key4110,17,21,29
key4111,18,16,34
key4112,14,16,33
key4113,5,9,38
key4114,15,24,12
key4115,11,18,39
key4116,17,29,28
key4117,14,22,13
key4118,9,21,40
key4119,6,2,11
key4120,1,4,21
key4121,11,26,38
key4122,10,22,0
key4123,17,19,20
key4124,5,10,23
key4125,7,3,29
key4126,2,18,3
key4127,15,30,30
key4128,11,3,0
key4129,15,17,37
key4130,15,17,28
key4131,9,26,14
key4132,20,29,15
key4133,16,14,31
key4134,17,27,11
key4135,9,27,38
key4136,1,10,15
key4137,13,19,21
key4138,17,15,34
key4139,13,15,31
key4140,1,15,17
key4141,15,25,24
key4142,2,1,25
key4143,13,29,1
key4144,18,28,36
key4145,13,24,18
key4146,18,7,16
key4147,4,30,27
key4148,5,6,0
key4149,13,3,32
key4150,3,19,14
key4151,8,6,20
key4152,6,7,28
key4153,7,27,1
key4154,18,20,15
key4155,18,3,25
key4156,2,1,25
key4157,8,27,4
key4158,16,25,39
key4159,17,17,36
key4160,4,7,31
key4161,1,21,14
key4162,2,1,39
key4163,11,1,29
key4164,16,4,6
key4165,14,17,17
key4166,7,27,31
key4167,7,11,6
key4168,9,4,20
key4169,12,11,4
key4170,3,13,4
key4171,5,15,20
key4172,11,8,37
key4173,7,23,17
key4174,4,29,3
key4175,13,29,3
key4176,6,11,25
key4177,13,28,14
key4178,1,20,35
key4179,6,28,38
key4180,17,2,12
key4181,15,17,7
key4182,2,28,20
key4183,1,25,6
key4184,18,13,8
key4185,12,28,27
key4186,9,24,7
key4187,15,25,0
key4188,5,30,34
key4189,5,15,23
key4190,13,27,11
key4191,9,4,3
key4192,4,22,24
key4193,13,0,11
key4194,8,10,14
key4195,5,3,17
key4196,19,23,24
key4197,12,16,35
key4198,13,29,9
key4199,2,9,2
key4200,20,29,33
key4201,20,1,27
key4202,2,12,34
key4203,8,18,24
key4204,5,29,36
key4205,4,26,10
key4206,15,18,11
key4207,9,8,39
key4208,19,30,20
key4209,9,9,36
key4210,6,5,10
key4211,5,27,37
key4212,19,17,20
key4213,16,8,30
key4214,6,4,33
key4215,13,4,6
key4216,19,24,27
key4217,20,5,14
key4218,1,14,40
key4219,6,24,25
key4220,6,30,24
key4221,14,16,17
key4222,18,4,21
key4223,14,18,27
key4224,3,7,35
key4225,11,30,18
key4226,3,22,10
key4227,9,9,27
key4228,19,5,15
key4229,7,23,21
key4230,6,19,36
key4231,16,26,30
key4232,8,20,21
key4233,4,24,25
key4234,16,21,36
key4235,13,24,14
key4236,6,5,23
key4237,9,16,39
key4238,1,22,20
key4239,4,24,29
key4240,13,15,22
key4241,5,27,38
key4242,15,23,31
key4243,11,14,40
key4244,6,2,18
key4245,14,6,25
key4246,16,22,40
key4247,3,10,30
key4248,9,6,35
key4249,2,16,34
key4250,18,13,8
key4251,6,3,13
key4252,1,27,21
key4253,20,24,16
key4254,19,15,19
key4255,16,8,36
key4256,15,6,36
key4257,10,23,17
key4258,1,7,14
key4259,19,3,35
key4260,4,24,25
key4261,12,12,11
key4262,6,4,11
key4263,14,29,35
key4264,7,3,26
key4265,18,14,22
key4266,10,16,37
key4267,3,23,1
key4268,7,25,9
key4269,15,24,24
key4270,1,3,6
key4271,2,26,38
key4272,13,11,6
key4273,3,29,24
key4274,19,2,31
key4275,2,19,33
key4276,9,3,34
key4277,1,10,13
key4278,3,27,18
key4279,20,14,26
key4280,10,19,27
key4281,15,27,39
key4282,6,8,3
key4283,5,27,11
key4284,8,28,27
key4285,3,7,7
key4286,17,1,22
key4287,11,1,28
key4288,18,2,36
key4289,16,8,38
key4290,12,3,16
key4291,12,23,10
key4292,6,18,10
key4293,1,21,15
key4294,19,30,20
key4295,6,17,16
key4296,10,17,40
key4297,8,13,32
key4298,20,27,7
key4299,12,4,31
key4300,18,25,18
key4301,13,30,19
key4302,11,18,38
key4303,17,15,23
key4304,8,3,40
key4305,2,8,37
key4306,4,19,28
key4307,18,16,33
key4308,9,24,8
key4309,6,29,21
key4310,12,13,32
key4311,5,7,36
key4312,4,1,29
key4313,17,3,37
key4314,9,28,6
key4315,19,21,29
key4316,0,16,31
key4317,3,7,21
key4318,8,12,38
key4319,18,4,28
key4320,14,27,35
key4321,1,27,22
key4322,1,19,29
key4323,5,14,26
key4324,7,7,40
key4325,2,16,12
key4326,14,20,27
key4327,7,29,25
key4328,17,5,14
key4329,12,1,18
key4330,4,21,35
key4331,12,29,34
key4332,9,2,7
key4333,3,2,5
key4334,13,13,24
key4335,17,22,13
key4336,7,23,19
key4337,10,6,7
key4338,10,24,15
key4339,9,2,19
key4340,16,5,1
key4341,14,21,30
key4342,15,26,20
key4343,1,19,1
key4344,17,1,24
key4345,18,14,34
key4346,11,26,8
key4347,5,22,19
key4348,10,2,27
key4349,10,12,31
key4350,14,13,9
key4351,0,28,24
key4352,1,30,25
key4353,4,30,34
key4354,2,10,31
key4355,5,7,28
key4356,16,22,23
key4357,12,16,37
key4358,20,18,39
key4359,6,29,2
key4360,9,3,38
key4361,10,16,23
key4362,6,14,29
key4363,13,24,6
key4364,17,13,4
key4365,13,30,27
key4366,12,9,15
key4367,16,3,17
key4368,4,27,5
key4369,2,8,30
key4370,9,24,1
key4371,3,27,39
key4372,20,3,0
key4373,16,0,13
key4374,3,26,2
key4375,0,15,6
key4376,8,2,1
key4377,1,28,38
key4378,19,19,17
key4379,15,27,10
key4380,16,8,22
key4381,8,18,13
key4382,18,9,10
key4383,3,28,8
key4384,11,11,2
key4385,1,2,22
key4386,14,16,29
key4387,18,7,1
key4388,16,11,21
key4389,4,12,20
key4390,14,26,30
key4391,15,1,33
key4392,17,18,26
key4393,16,26,12
key4394,20,5,39
key4395,17,4,36
key4396,2,21,6
key4397,11,11,36
key4398,13,2,10
key4399,3,5,28
key4400,18,9,12
key4401,11,22,7
key4402,11,12,20
key4403,13,24,26
key4404,7,11,22
key4405,10,3,10
key4406,19,20,18
key4407,9,7,31
key4408,18,24,5
key4409,7,15,22
key4410,18,8,40
key4411,8,11,39
key4412,9,12,20
key4413,1,10,14
key4414,12,9,37
key4415,19,24,34
key4416,8,30,6
key4417,19,8,36
key4418,12,7,8
key4419,5,7,40
key4420,9,10,17
key4421,13,5,8
key4422,17,29,13
key4423,13,11,26
key4424,2,6,17
key4425,1,30,26
key4426,11,19,3
key4427,7,12,34
key4428,14,2,6
key4429,9,8,19
key4430,11,19,1
key4431,6,29,25
key4432,18,25,1
key4433,5,21,12
key4434,12,21,2
key4435,13,25,26
key4436,5,26,2
key4437,5,13,29
key4438,13,14,4
key4439,18,2,29
key4440,2,26,6
key4441,18,5,2
key4442,6,17,3
key4443,3,1,37
key4444,3,3,34
key4445,7,5,12
key4446,20,8,20
key4447,13,18,39
key4448,14,18,39
key4449,10,25,32
key4450,5,10,35
key4451,8,1,8
key4452,10,28,1
key4453,8,24,1
key4454,1,0,28
key4455,9,16,26
key4456,10,25,31
key4457,11,28,30
key4458,4,15,36
key4459,16,26,20
key4460,3,4,18
key4461,4,18,14
key4462,3,16,21
key4463,14,3,33
key4464,3,17,40
key4465,1,21,17
key4466,7,27,30
key4467,19,26,21
key4468,5,17,10
key4469,5,13,25
key4470,7,15,21
key4471,19,24,25
key4472,17,19,36
key4473,8,20,13
key4474,1,20,28
key4475,2,13,23
key4476,19,2,40
key4477,16,15,11
key4478,13,28,6
key4479,5,2,29
key4480,13,14,19
key4481,4,4,3
key4482,19,26,25
key4483,8,5,35
key4484,10,12,36
key4485,18,2,36
key4486,18,30,0
key4487,11,6,5
key4488,13,21,37
key4489,19,9,33
key4490,13,10,7
key4491,11,21,30
key4492,6,4,20
key4493,6,6,40
key4494,20,24,7
key4495,9,12,24
key4496,16,4,33
key4497,4,28,16
key4498,17,17,17
key4499,14,17,9
key4500,19,22,4
key4501,17,7,18
key4502,1,13,1
key4503,12,2,30
key4504,16,28,21
key4505,19,26,14
key4506,12,4,21
key4507,13,26,29
key4508,9,18,15
key4509,1,4,2
key4510,16,8,1
key4511,4,5,20
key4512,19,16,4
key4513,17,12,1
key4514,20,29,39
key4515,6,6,21
key4516,5,16,12
key4517,14,4,24
key4518,10,9,13
key4519,13,26,9
key4520,20,16,24
key4521,3,17,5
key4522,13,14,33
key4523,0,27,35
key4524,12,10,17
key4525,19,27,11
key4526,5,13,19
key4527,17,4,4
key4528,15,8,0
key4529,15,11,16
key4530,12,30,25
key4531,11,8,37
key4532,9,0,13
key4533,10,13,20
key4534,7,11,14
key4535,17,16,25
key4536,1,6,34
key4537,15,27,8
key4538,9,2,32
key4539,1,7,22
key4540,6,9,11
key4541,6,6,24
key4542,0,26,30
key4543,2,20,38
key4544,2,14,28
key4545,3,19,30
key4546,6,23,3
key4547,10,23,6
key4548,13,26,18
key4549,5,14,30
key4550,6,20,22
key4551,13,14,0
key4552,2,11,39
key4553,12,17,11
key4554,5,8,26
key4555,10,25,24
key4556,2,25,35
key4557,12,20,17
key4558,18,7,29
key4559,0,3,1
key4560,11,29,23
key4561,15,18,8
key4562,4,21,35
key4563,11,3,18
key4564,20,18,9
key4565,2,9,18
key4566,4,17,40
key4567,5,28,11
key4568,7,8,17
key4569,19,15,24
key4570,13,23,10
key4571,13,3,31
key4572,19,14,35
key4573,15,5,17
key4574,2,9,16
key4575,15,26,14
key4576,20,4,35
key4577,0,26,31
key4578,14,23,17
key4579,4,18,28
key4580,11,11,5
key4581,14,18,30
key4582,12,6,16
key4583,5,19,1
key4584,2,20,7
key4585,18,11,39
key4586,16,3,30
key4587,18,7,18
key4588,20,16,4
key4589,5,3,6
key4590,7,16,26
key4591,16,15,6
key4592,2,14,14
key4593,1,2,28
key4594,16,10,37
key4595,18,19,37
key4596,2,28,4
key4597,1,0,14
key4598,20,8,17
key4599,18,1,37
key4600,7,7,10
key4601,9,6,16
key4602,19,25,8
key4603,6,10,8
key4604,1,19,6
key4605,6,3,30
key4606,9,1,4
key4607,11,4,6
key4608,5,19,22
key4609,13,3,4
key4610,2,20,29
key4611,19,12,25
key4612,13,22,0
key4613,13,7,3
key4614,1,18,25
key4615,14,10,8
key4616,13,11,27
key4617,12,1,19
key4618,12,0,27
key4619,18,4,6
key4620,17,7,22
key4621,17,19,27
key4622,1,30,15
key4623,15,8,1
key4624,13,2,4
key4625,17,12,29
key4626,16,28,40
key4627,16,18,26
key4628,17,1,36
key4629,1,21,37
key4630,0,12,11
key4631,11,16,33
key4632,4,17,22
key4633,11,20,20
key4634,14,19,28
key4635,17,15,36
key4636,8,16,31
key4637,15,24,27
key4638,20,24,26
key4639,15,7,16
key4640,2,30,35
key4641,4,5,26
key4642,5,26,3
key4643,19,28,16
key4644,19,11,9
key4645,18,18,12
key4646,13,11,16
key4647,3,22,15
key4648,9,19,16
key4649,20,9,3
key4650,13,3,15
key4651,20,11,19
key4652,11,25,23
key4653,0,25,20
key4654,15,25,19
key4655,16,14,26
key4656,19,7,15
key4657,7,9,7
key4658,11,11,25
key4659,5,24,34
key4660,10,14,2
key4661,0,2,18
key4662,12,10,26
key4663,20,9,32
key4664,3,12,3
key4665,4,15,39
key4666,19,20,9
key4667,2,19,5
key4668,17,30,1
key4669,5,7,20
key4670,6,12,32
key4671,1,28,33
key4672,16,28,35
key4673,10,29,5
key4674,18,15,24
key4675,7,6,34
key4676,3,2,10
key4677,4,2,26
key4678,5,17,32
key4679,16,13,29
key4680,3,18,9
key4681,18,18,39
key4682,18,10,9
key4683,16,7,20
key4684,13,5,37
key4685,3,28,28
key4686,12,0,34
key4687,11,20,28
key4688,17,19,6
key4689,8,23,20
key4690,7,5,32
key4691,10,20,4
key4692,18,20,24
key4693,8,30,19
key4694,6,5,29
key4695,13,12,37
key4696,15,9,17
key4697,18,19,14
key4698,5,21,5
key4699,13,17,0
key4700,12,13,19
key4701,3,6,6
key4702,12,15,31
key4703,10,10,4
key4704,14,16,15
key4705,5,8,31
key4706,0,5,34
key4707,0,1,18
key4708,19,29,31
key4709,20,16,28
key4710,10,14,29
key4711,13,22,18
key4712,16,26,24
key4713,16,17,2
key4714,16,13,21
key4715,4,28,8
key4716,16,23,24
key4717,15,15,27
key4718,15,12,29
key4719,10,20,40
key4720,11,19,10
key4721,20,14,24
key4722,13,12,23
key4723,14,24,37
key4724,9,29,27
key4725,0,17,27
key4726,17,16,2
key4727,19,4,33
key4728,12,10,34
key4729,17,20,38
key4730,14,12,15
key4731,9,22,31
key4732,16,23,11
key4733,8,7,19
key4734,14,7,2
key4735,18,4,27
key4736,16,24,31
key4737,15,20,14
key4738,12,14,15
key4739,17,19,17
key4740,7,6,6
key4741,1,9,27
key4742,7,16,13
key4743,18,13,36
key4744,4,19,16
key4745,1,15,13
key4746,11,10,29
key4747,0,2,34
key4748,13,26,21
key4749,4,29,38
key4750,12,11,30
key4751,2,26,31
key4752,1,12,10
key4753,3,18,37
key4754,7,11,26
key4755,6,6,33
key4756,11,25,8
key4757,17,17,10
key4758,3,15,5
key4759,10,22,4
key4760,10,23,2
key4761,3,11,32
key4762,0,22,17
key4763,13,25,17
key4764,17,26,36
key4765,16,15,32
key4766,10,19,22
key4767,10,28,39
key4768,10,27,2
key4769,8,0,39
key4770,7,26,35
key4771,16,7,29
key4772,15,23,13
key4773,5,7,31
key4774,12,0,15
key4775,1,10,28
key4776,11,13,5
key4777,18,16,31
key4778,18,16,12
key4779,6,2,39
key4780,12,4,13
key4781,11,12,28
key4782,18,3,17
key4783,0,8,30
key4784,8,14,4
key4785,5,6,24
key4786,5,2,27
key4787,16,6,14
key4788,1,23,33
key4789,14,12,29
key4790,14,0,33
key4791,18,7,19
key4792,1,16,29
key4793,17,13,17
key4794,5,14,32
key4795,5,9,2
key4796,12,10,19
key4797,1,4,22
key4798,1,27,25
key4799,12,17,6
key4800,14,8,19
key4801,6,9,20
key4802,15,10,13
key4803,16,9,19
key4804,9,4,30
key4805,9,29,17
key4806,5,12,27
key4807,11,13,23
key4808,3,19,13
key4809,17,4,11
key4810,17,19,24
key4811,9,22,14
key4812,20,22,13
key4813,11,19,12
key4814,5,2,9
key4815,11,8,16
key4816,20,7,4
key4817,7,18,19
key4818,2,18,3
key4819,10,11,38
key4820,18,3,23
key4821,11,5,20
key4822,15,15,16
key4823,5,24,14
key4824,19,19,26
key4825,20,14,18
key4826,4,20,40
key4827,10,1,18
key4828,10,8,33
key4829,19,17,12
key4830,16,26,5
key4831,18,25,4
key4832,3,12,13
key4833,4,4,22
key4834,9,13,28
key4835,17,28,24
key4836,18,19,18
key4837,12,11,21
key4838,5,8,2
key4839,15,12,26
key4840,11,16,38
key4841,13,0,20
key4842,2,3,26
key4843,12,2,17
key4844,10,25,18
key4845,14,7,15
key4846,1,3,34
key4847,1,18,32
key4848,7,21,0
key4849,11,13,0
key4850,10,2,12
key4851,2,3,35
key4852,11,26,28
key4853,20,23,16
key4854,3,13,31
key4855,8,21,13
key4856,2,19,26
key4857,17,26,12
key4858,14,22,16
key4859,9,20,30
key4860,5,5,27
key4861,20,10,26
key4862,18,18,35
key4863,20,24,6
key4864,6,4,10
key4865,7,29,13
key4866,10,27,34
key4867,6,22,2
key4868,18,20,32
key4869,15,4,20
key4870,8,6,19
key4871,19,28,19
key4872,15,22,3
key4873,14,0,23
key4874,4,22,10
key4875,16,12,29
key4876,12,27,20
key4877,13,15,9
key4878,3,24,23
key4879,5,6,10
key4880,10,5,21
key4881,17,12,9
key4882,10,7,21
key4883,16,9,27
key4884,1,1,11
key4885,8,16,33
key4886,6,10,16
key4887,6,14,22
key4888,16,13,7
key4889,17,6,5
key4890,4,11,30
key4891,19,22,39
key4892,5,21,36
key4893,12,14,40
key4894,7,14,12
key4895,6,13,23
key4896,11,18,26
key4897,11,21,4
key4898,18,28,16
key4899,8,18,11
key4900,9,26,35
key4901,7,5,16
key4902,11,22,25
key4903,3,24,31
key4904,1,11,16
key4905,16,23,22
key4906,14,22,32
key4907,2,15,9
key4908,13,5,34
key4909,12,25,6
key4910,5,14,21
key4911,18,2,2
key4912,13,18,29
key4913,0,10,16
key4914,19,27,9
key4915,18,4,36
key4916,8,10,10
key4917,5,12,10
key4918,17,1,2
key4919,18,21,23
key4920,19,12,37
key4921,11,27,38
key4922,3,17,18
key4923,7,23,30
key4924,2,13,7
key4925,10,27,32
key4926,3,16,17
key4927,14,21,23
key4928,13,27,9
key4929,2,25,31
key4930,6,17,21
key4931,14,15,17
key4932,13,21,29
key4933,6,5,15
key4934,10,13,32
key4935,5,16,35
key4936,9,2,1
key4937,13,19,40
key4938,14,2,19
key4939,18,13,22
key4940,14,14,24
key4941,13,20,15
key4942,3,11,37
key4943,18,24,31
key4944,14,26,9
key4945,15,0,30
key4946,4,29,39
key4947,2,22,25
key4948,13,26,27
key4949,5,20,18
key4950,6,4,21
key4951,14,10,0
key4952,4,19,1
key4953,6,17,27
key4954,14,19,23
key4955,14,21,17
key4956,5,21,8
key4957,1,28,17
key4958,13,27,12
key4959,7,29,29
key4960,15,25,31
key4961,10,5,11
key4962,12,13,33
key4963,3,6,31
key4964,4,7,3
key4965,3,25,21
key4966,8,9,34
key4967,17,23,9
key4968,9,14,3
key4969,4,2,19
key4970,6,15,38
key4971,0,28,17
key4972,6,6,30
key4973,19,12,25
key4974,4,22,1
key4975,1,9,5
key4976,12,26,6
key4977,7,18,7
key4978,15,6,34
key4979,9,24,33
key4980,2,26,34
key4981,1,20,38
key4982,5,18,1
key4983,0,27,37
key4984,20,11,29
key4985,6,23,37
key4986,16,21,20
key4987,14,20,19
key4988,4,4,10
key4989,1,3,25
key4990,14,16,20
key4991,13,0,7
key4992,5,22,6
key4993,3,7,15
key4994,12,25,27
key4995,9,5,10
key4996,19,20,22
key4997,9,29,27
key4998,18,5,14
key4999,17,14,23
key5000,3,16,36
